dem.asc
NCOLS 117 
NROWS 117 
XLLCORNER 794599.107614635 
YLLCORNER 8931774.87460253 
CELLSIZE 30.8499999999996 
NODATA_value -2147483647 
[rows 0 to 41 of 117, columns 0 to 93 of 117]
1067.000000000000000 1070 1071 1069 1064 1055 1043 1029 1014 999 985 971 956 939 922 904 885 866 844 822 803 788 777 767 758 749 741 737 735 735 737 741 745 750 756 763 771 780 786 790 787 780 769 759 753 752 754 759 764 769 771 770 766 762 758 757 761 766 773 779 784 789 794 800 807 802 812 822 832 842 852 863 871 878 881 879 874 864 853 840 828 815 803 791 780 772 767 769 774 779 784 787 789 791
1061 1067 1071 1072 1070 1065 1056 1044 1030 1016 1001 985 968 950 931 911 890 870 849 826 807 792 781 773 765 759 754 751 749 748 750 753 757 762 769 777 786 794 799 799 793 783 772 762 757 757 761 767 774 781 784 783 780 775 772 773 777 784 791 798 804 808 812 818 823 830 824 834 845 856 866 876 885 891 893 890 881 869 855 841 827 813 798 784 772 761 749 749 752 757 761 764 765 767
1053 1063 1070 1074 1074 1071 1065 1055 1043 1029 1013 996 978 959 939 918 897 876 855 834 815 801 790 783 777 773 770 767 765 764 764 766 770 775 782 791 800 808 812 809 801 789 777 768 764 765 769 776 785 792 796 796 793 789 787 788 793 801 810 818 825 829 832 837 841 846 838 848 860 872 883 894 901 906 906 900 889 874 858 843 827 811 795 780 766 742 734 732 732 735 738 740 742 743
1043 1055 1065 1072 1076 1075 1071 1063 1052 1039 1023 1005 986 967 947 926 906 886 865 846 828 814 804 798 793 789 786 783 780 779 778 779 782 788 795 805 815 822 825 820 809 796 785 776 773 775 780 788 797 804 809 809 806 802 800 802 808 817 828 838 847 851 854 857 860 864 872 865 878 891 903 913 920 922 920 911 897 880 862 844 827 811 793 776 747 734 723 718 715 714 714 714 715 716
1032 1046 1058 1068 1074 1076 1073 1068 1059 1046 1031 1014 996 977 957 937 918 898 879 861 845 832 823 816 811 806 802 798 794 792 792 792 794 800 808 818 828 835 837 831 819 806 795 788 786 788 795 803 811 818 822 821 819 816 813 814 821 832 844 857 868 874 876 878 880 885 893 884 897 911 923 932 937 937 933 921 904 884 864 846 829 811 792 773 742 727 714 705 699 694 691 690 690 691
1019 1034 1049 1062 1071 1076 1075 1071 1063 1053 1039 1024 1006 987 968 950 931 913 895 878 863 851 842 835 829 822 816 811 807 804 804 804 806 811 820 830 839 846 847 841 829 817 806 800 800 804 810 818 826 832 835 834 832 828 826 827 834 846 861 875 886 894 898 900 903 908 915 925 917 930 940 947 951 949 943 929 910 888 867 848 831 814 794 755 738 721 707 694 684 676 671 669 669 671
1006 1022 1038 1054 1066 1074 1075 1072 1067 1058 1047 1033 1016 998 981 963 945 928 911 895 881 869 860 852 845 837 830 824 820 818 817 817 818 823 831 841 850 856 857 851 840 829 819 814 815 819 826 834 842 847 849 848 845 842 840 841 848 861 876 890 902 910 916 920 924 930 937 945 936 946 954 960 962 959 950 935 914 891 870 851 835 817 776 757 738 719 703 688 675 664 656 652 652 654
994 1010 1027 1043 1058 1068 1072 1071 1067 1060 1052 1040 1025 1009 993 976 958 941 924 910 897 885 874 866 858 850 843 838 835 834 833 832 833 837 844 853 861 867 868 862 852 841 832 828 829 834 841 849 857 862 864 863 861 857 856 857 863 876 890 903 915 925 932 938 944 951 958 964 953 961 968 972 972 968 957 939 918 895 874 855 839 801 780 761 741 722 703 687 672 659 648 641 639 639
985 999 1015 1031 1046 1058 1064 1065 1063 1058 1052 1043 1031 1018 1003 987 969 952 935 921 909 898 886 876 868 861 856 853 852 853 853 851 852 854 860 867 874 879 879 874 864 853 844 841 842 847 855 863 870 876 879 879 877 875 873 874 880 890 903 916 928 939 948 956 964 972 978 984 988 976 981 984 983 976 963 945 922 900 878 859 842 805 785 765 746 727 707 688 671 656 643 634 628 626
975 989 1003 1018 1032 1045 1053 1056 1056 1053 1048 1042 1033 1024 1011 995 978 960 944 929 918 907 896 885 877 871 868 868 870 872 874 874 873 874 878 883 889 892 891 885 875 865 856 853 855 860 867 875 882 888 893 894 894 892 891 893 897 906 918 929 941 953 965 975 985 993 999 1004 1008 993 996 997 994 985 970 951 928 905 883 864 828 809 789 770 752 733 711 691 673 656 641 630 622 617
963 977 990 1003 1017 1029 1039 1044 1046 1045 1043 1038 1033 1026 1015 1000 984 966 950 936 924 913 902 892 883 879 878 881 886 890 893 894 894 894 896 899 903 905 902 895 885 875 867 865 867 873 879 887 894 901 906 909 910 910 910 911 915 923 933 945 957 970 983 994 1005 1013 1020 1025 1028 1029 1012 1010 1004 992 976 956 933 909 889 849 831 812 793 775 757 738 716 695 676 658 641 629 620 613
951 964 977 989 1001 1013 1024 1031 1034 1036 1035 1033 1030 1024 1015 1002 986 970 955 942 930 918 907 897 889 886 887 892 898 903 907 910 911 911 912 913 915 915 912 904 893 883 877 875 878 884 891 898 906 913 920 924 927 928 929 932 935 942 951 962 975 988 1001 1013 1023 1032 1039 1044 1046 1044 1026 1019 1010 997 980 959 936 913 873 852 832 813 795 777 760 741 720 699 679 660 644 631 620 611
940 952 965 976 988 999 1009 1017 1022 1024 1025 1025 1023 1018 1010 999 985 971 958 946 935 924 913 903 896 893 894 898 904 911 917 921 924 925 925 925 925 924 920 912 901 892 886 885 889 895 903 911 919 927 934 940 944 947 950 952 957 963 972 982 994 1006 1017 1029 1040 1049 1056 1061 1061 1055 1044 1026 1015 1001 982 961 938 917 877 855 835 815 795 778 761 743 723 703 683 664 647 633 621 611
928 941 953 965 976 986 995 1002 1008 1012 1013 1014 1013 1009 1002 992 981 970 959 950 940 931 921 912 905 901 901 904 910 916 924 930 934 936 936 936 935 933 928 920 910 901 895 896 900 907 916 924 933 941 950 957 963 967 970 973 978 985 993 1002 1012 1023 1033 1044 1054 1063 1070 1074 1073 1065 1053 1032 1019 1003 983 962 941 901 881 860 838 816 795 777 760 744 726 707 688 668 651 635 622 612
918 929 941 952 963 971 979 986 992 996 999 999 999 995 990 982 974 966 959 952 945 937 929 922 916 911 910 912 917 923 931 939 945 947 948 947 945 942 937 930 920 912 908 908 913 920 929 938 947 956 966 975 982 987 992 996 1001 1007 1014 1021 1030 1039 1048 1058 1068 1076 1082 1084 1081 1072 1059 1038 1022 1004 984 964 925 906 887 865 842 818 796 777 760 745 729 712 693 673 655 638 624 612
908 918 928 938 947 955 963 970 975 980 982 982 981 979 975 969 964 960 956 952 947 942 937 932 927 923 922 923 927 933 942 950 957 960 961 960 958 955 949 943 935 927 924 924 928 935 944 953 962 972 982 992 1001 1008 1013 1018 1023 1028 1033 1039 1046 1053 1061 1070 1079 1086 1091 1091 1086 1076 1062 1046 1025 1006 987 967 931 913 893 872 847 822 799 779 763 748 733 717 699 680 660 642 627 614
899 906 914 923 931 939 946 953 959 963 964 964 963 961 957 954 952 951 950 949 947 945 943 940 937 935 935 936 940 947 956 964 971 975 976 976 973 969 965 959 953 948 944 944 947 952 959 968 977 987 998 1008 1017 1025 1031 1035 1040 1044 1049 1054 1059 1064 1071 1078 1086 1091 1094 1092 1085 1075 1062 1046 1027 1008 990 954 938 920 901 879 854 828 805 784 767 753 739 724 707 688 667 647 631 617
891 896 901 908 916 923 931 938 943 947 948 947 946 944 941 939 939 940 941 943 945 945 946 946 946 946 947 950 956 963 972 981 987 991 993 993 991 987 983 978 974 970 969 968 969 972 978 985 992 1001 1011 1020 1029 1036 1042 1047 1051 1054 1058 1062 1067 1071 1077 1082 1086 1089 1088 1085 1079 1070 1059 1044 1028 1010 976 959 943 926 907 886 862 837 812 791 773 758 744 730 714 695 674 653 635 621
883 888 892 897 903 910 918 925 930 933 933 931 930 927 924 924 925 928 932 936 940 944 947 950 953 956 960 964 971 980 989 997 1003 1007 1009 1010 1009 1007 1003 999 996 994 993 992 992 994 998 1002 1006 1012 1019 1026 1033 1039 1045 1049 1053 1056 1060 1064 1068 1073 1077 1080 1081 1080 1077 1073 1069 1063 1054 1041 1027 996 980 963 947 931 913 893 871 846 821 798 780 763 749 735 720 700 679 658 640 625
876 881 884 889 894 900 907 913 917 919 920 917 915 911 907 907 911 916 922 928 935 941 946 952 957 963 970 978 986 995 1004 1012 1016 1020 1022 1024 1024 1023 1022 1019 1017 1015 1014 1014 1014 1015 1015 1016 1017 1019 1022 1026 1030 1035 1038 1042 1046 1050 1054 1059 1064 1069 1072 1073 1071 1068 1064 1060 1056 1052 1046 1036 1024 997 982 966 950 934 918 899 878 855 830 806 786 768 753 739 722 703 682 662 644 629
869 874 878 882 886 891 896 900 903 906 906 904 900 895 891 891 897 904 912 921 930 939 946 954 961 970 980 989 998 1008 1016 1021 1025 1028 1031 1033 1034 1035 1035 1035 1033 1032 1032 1032 1032 1031 1029 1026 1023 1021 1020 1020 1020 1022 1025 1029 1033 1038 1043 1048 1054 1059 1062 1062 1059 1054 1048 1044 1042 1039 1035 1028 1006 993 981 967 952 937 921 903 883 861 837 813 790 771 754 739 723 704 684 665 648 634
862 867 871 875 878 881 884 887 889 891 891 889 885 880 878 878 884 893 903 914 926 936 946 955 965 975 986 997 1006 1015 1022 1026 1029 1031 1034 1037 1039 1042 1043 1044 1045 1044 1044 1044 1043 1040 1035 1029 1022 1016 1011 1007 1005 1005 1008 1011 1015 1020 1025 1031 1038 1045 1048 1048 1043 1037 1031 1028 1026 1024 1021 1009 1000 988 979 966 952 938 922 904 885 864 841 817 794 774 755 739 721 702 684 667 653 639
854 859 863 865 868 870 871 873 875 875 874 872 868 865 864 865 872 882 895 909 922 934 946 956 967 978 989 999 1009 1016 1022 1025 1028 1030 1032 1035 1039 1043 1046 1049 1050 1050 1050 1049 1046 1042 1035 1026 1016 1007 998 992 988 988 989 991 994 999 1003 1010 1019 1027 1032 1031 1027 1020 1014 1010 1008 1006 1001 996 990 982 971 964 951 937 920 902 884 865 844 821 799 777 757 739 720 701 684 668 656 643
842 847 852 855 857 858 858 859 860 860 858 855 852 849 848 851 859 872 886 902 917 931 944 956 967 977 987 997 1005 1011 1016 1019 1022 1025 1027 1031 1035 1039 1044 1047 1049 1049 1048 1047 1044 1038 1030 1019 1007 995 985 977 973 971 969 969 972 976 982 989 999 1008 1013 1014 1009 1003 996 991 988 986 983 981 978 972 964 959 946 932 915 898 881 864 845 824 803 780 759 740 721 701 683 668 656 643
828 835 840 844 846 847 847 847 846 846 843 840 836 833 833 837 846 860 876 893 910 926 941 954 965 975 984 991 997 1002 1006 1009 1013 1016 1020 1023 1027 1031 1035 1039 1041 1041 1040 1038 1035 1030 1021 1010 996 983 972 963 957 954 950 948 949 954 961 969 978 987 994 995 992 986 978 972 968 966 966 965 964 960 953 943 939 925 908 892 876 861 844 824 804 781 759 739 720 699 681 667 654 639
815 822 828 832 835 837 837 836 834 832 829 824 820 818 819 823 832 847 865 884 902 920 936 951 963 972 979 984 988 991 994 997 1000 1005 1009 1013 1016 1019 1022 1025 1026 1026 1026 1024 1021 1017 1009 998 985 971 959 949 942 937 933 930 931 935 942 950 958 967 975 978 976 969 961 953 947 947 947 947 946 944 939 931 930 916 901 885 870 855 839 821 801 779 758 737 716 696 678 663 649 634
801 809 815 820 824 826 826 825 823 820 816 811 806 803 804 810 820 836 856 875 894 913 930 945 959 968 974 977 978 979 980 982 986 991 996 999 1002 1004 1006 1008 1009 1009 1009 1008 1006 1002 996 986 973 959 947 936 926 919 915 913 914 918 925 932 941 950 957 961 960 954 945 937 928 927 927 927 926 925 923 917 919 906 891 876 863 849 833 814 795 775 755 734 713 692 674 659 643 627
789 796 802 807 811 813 813 812 810 807 804 800 795 791 792 799 812 829 849 869 887 905 922 939 953 963 968 969 968 966 964 965 969 974 980 984 986 988 989 990 991 992 992 991 990 988 983 973 961 948 935 923 911 902 896 894 895 900 907 915 923 932 940 945 945 940 931 914 909 907 905 905 905 905 903 899 892 894 880 867 854 841 825 807 790 772 752 731 709 688 671 655 638 622
779 785 790 794 796 798 798 797 795 794 792 788 784 780 782 791 806 824 845 865 883 899 916 932 946 956 961 961 958 954 950 949 952 958 964 969 971 973 973 974 975 976 976 976 975 973 968 960 949 937 924 911 897 885 877 873 874 878 885 894 904 914 922 927 928 924 907 897 890 885 882 881 881 883 883 880 875 881 869 857 845 832 817 801 786 770 751 729 707 687 670 654 636 619
768 773 777 779 781 781 780 779 778 777 774 772 771 770 774 785 801 819 840 861 879 894 910 925 939 948 952 951 947 942 937 936 938 943 950 955 958 959 959 959 960 961 961 961 960 958 954 947 937 926 914 899 884 870 859 853 851 855 862 872 883 894 902 908 911 902 892 882 872 865 860 858 859 861 863 863 859 853 857 846 835 824 811 796 783 770 753 731 708 689 671 654 636 618
755 760 763 766 766 765 764 760 757 754 751 752 757 761 768 780 797 815 836 856 874 889 904 918 930 938 941 939 935 930 925 924 927 932 938 944 947 947 946 945 946 946 945 944 944 943 940 934 926 916 904 889 873 858 844 835 831 834 841 851 862 872 881 888 892 887 878 866 855 846 840 838 838 841 844 845 844 838 844 834 825 815 804 792 781 771 756 735 714 693 673 653 635 616
742 746 750 752 753 752 748 743 738 733 730 733 740 748 759 774 791 810 830 850 869 884 899 912 922 927 929 927 923 918 914 914 917 922 928 933 936 935 933 932 931 929 928 927 928 928 926 922 915 906 894 880 863 847 832 821 816 818 824 833 843 853 861 869 875 872 863 852 840 829 822 819 819 822 824 826 825 820 812 820 812 804 795 787 779 771 759 741 721 699 675 653 631 610
730 735 738 740 739 735 729 723 718 715 713 716 724 735 749 765 784 804 824 844 863 880 895 906 913 917 917 914 910 905 902 901 904 910 916 922 925 924 921 918 915 913 912 912 913 914 913 911 905 897 886 872 856 839 823 811 804 803 807 815 825 834 842 857 860 858 851 840 826 813 805 801 799 800 803 804 804 800 793 804 797 792 786 781 775 769 759 745 725 702 677 650 625 604
717 723 725 724 719 713 706 699 696 695 697 702 711 724 738 755 775 796 817 838 858 875 889 898 903 906 905 901 896 891 887 887 890 896 903 909 913 913 909 905 901 898 897 898 899 900 901 900 896 889 879 866 850 833 816 803 794 790 791 796 805 814 823 841 846 845 838 828 813 799 789 783 779 779 781 782 783 781 776 787 782 779 776 773 768 763 755 741 723 701 674 645 619 600
700 705 706 703 697 690 684 679 676 677 682 691 701 713 728 746 767 789 811 832 851 867 880 887 891 893 891 887 882 876 872 871 874 882 890 896 900 900 896 892 887 884 883 883 885 887 888 888 886 881 873 860 844 826 810 796 785 778 776 778 785 794 815 825 830 830 825 815 801 784 772 765 761 759 759 761 762 761 758 755 767 766 764 762 759 755 747 733 715 695 669 641 616 599
677 682 683 681 675 669 665 663 662 663 670 681 693 707 722 740 760 782 804 825 843 858 869 875 878 879 877 873 867 861 857 856 859 867 875 883 887 887 883 879 874 871 869 869 871 872 874 875 875 871 864 853 836 819 804 790 777 767 762 762 765 785 796 806 813 813 809 802 789 772 759 750 744 740 739 740 741 741 739 738 753 754 753 749 746 743 735 721 705 686 663 638 616 601
654 659 662 660 656 650 647 646 647 651 659 672 688 704 719 736 755 777 799 818 835 848 858 862 864 864 862 858 852 847 844 844 847 853 861 869 873 873 870 865 861 857 855 856 857 858 860 862 862 859 853 842 827 812 798 784 770 758 749 745 754 765 777 787 794 797 794 787 776 760 746 735 727 722 720 722 722 719 718 720 722 741 741 736 732 728 720 708 694 676 655 635 618 604
634 638 641 641 637 632 629 629 632 639 649 663 682 701 716 731 751 772 793 811 826 838 845 849 850 849 847 843 837 833 831 832 835 840 848 855 859 859 856 852 848 843 841 842 844 846 847 848 847 844 838 829 816 803 791 776 761 748 737 729 735 746 758 769 776 780 779 772 761 748 733 720 709 704 701 700 698 694 695 699 702 723 721 717 715 711 704 694 682 667 650 634 621 609
614 618 620 620 618 615 613 614 619 629 641 656 674 694 710 725 744 766 786 803 817 826 832 835 836 835 832 827 823 819 818 818 821 827 834 840 845 845 843 839 835 831 829 829 830 832 834 834 832 829 823 814 803 791 779 763 748 735 723 709 714 724 738 750 758 762 761 756 748 735 720 704 692 685 679 674 672 671 674 676 676 700 694 692 691 689 683 677 669 658 645 633 623 611
597 600 602 601 600 599 599 603 611 623 636 652 671 689 705 719 737 757 776 793 806 814 818 821 822 821 817 813 809 806 804 804 808 814 820 827 831 832 830 827 823 819 817 816 817 818 819 819 818 815 809 799 789 777 764 747 731 718 697 693 694 703 717 730 740 744 742 739 733 724 708 690 676 667 660 655 653 653 654 654 652 650 670 668 668 666 662 658 654 647 638 629 621 611
582 585 586 585 584 583 587 593 604 617 632 649 668 686 700 714 730 748 765 781 792 799 804 806 807 806 804 800 797 794 791 791 796 802 809 815 819 820 819 816 812 809 806 804 803 804 804 804 803 801 794 785 774 763 748 729 712 688 681 677 677 684 697 709 719 724 724 722 718 712 698 679 662 652 646 642 638 636 634 633 632 631 649 648 647 645 642 640 638 634 628 623 616 608
567 569 569 568 568 569 574 584 597 612 628 645 662 679 695 710 725 741 754 766 776 782 787 790 792 791 789 786 784 781 779 780 786 793 798 803 807 808 808 806 802 797 792 790 790 790 791 790 789 786 781 773 762 750 733 711 693 671 665 661 661 667 678 689 698 705 706 706 704 698 686 668 649 637 633 629 625 621 619 617 616 615 613 628 627 626 624 622 620 618 616 614 610 604
