dem.asc
NCOLS 117 
NROWS 117 
XLLCORNER 794599.107614635 
YLLCORNER 8931774.87460253 
CELLSIZE 30.8499999999996 
NODATA_value -2147483647 
[rows 42 to 83 of 117, columns 0 to 93 of 117]
551 552 552 551 551 555 562 575 590 606 623 641 657 674 690 705 720 732 742 751 759 764 769 772 774 774 772 769 767 766 766 770 776 782 787 791 794 796 796 794 790 784 779 777 777 777 777 776 775 772 767 760 750 735 716 694 665 656 650 647 647 652 663 673 679 684 687 689 688 684 672 655 636 623 619 616 611 608 605 604 604 603 600 612 610 607 605 604 602 601 602 602 603 601
534 535 534 533 536 542 551 565 582 601 620 638 654 669 684 699 712 724 731 738 744 749 752 755 758 758 757 755 753 753 755 758 764 770 775 778 781 784 784 782 778 774 769 766 765 764 763 762 761 757 751 745 735 719 699 663 650 641 635 633 634 639 650 658 661 665 669 672 673 669 658 641 623 610 605 602 597 594 592 591 592 591 587 580 592 589 586 584 583 583 586 589 594 597
519 518 517 518 522 530 541 557 575 595 616 636 651 664 676 689 702 712 719 724 730 735 739 741 743 744 743 742 741 742 743 747 753 758 763 767 770 772 772 771 768 765 761 757 753 750 748 746 744 741 735 729 720 704 684 649 636 627 621 617 618 623 632 640 644 648 653 657 658 656 647 631 613 600 592 587 582 580 578 578 578 576 571 565 575 571 568 566 565 567 571 577 583 588
504 502 501 504 511 520 533 549 568 589 610 630 646 658 669 680 690 698 704 709 715 720 724 727 727 728 729 729 729 729 731 736 742 747 752 757 760 762 761 760 759 756 751 745 740 736 733 730 728 725 720 714 705 690 654 637 624 614 607 602 602 606 613 621 628 634 639 642 644 644 637 622 605 592 583 576 570 566 565 565 564 563 559 552 559 554 551 549 549 552 557 565 572 579
490 488 489 493 501 512 525 542 562 582 602 621 638 651 661 670 678 684 688 693 699 704 709 711 712 714 715 716 716 717 719 724 730 735 741 746 750 752 752 751 749 746 740 733 728 724 720 717 715 713 708 701 691 660 644 628 614 602 594 590 588 590 597 605 613 621 626 629 631 631 625 612 598 587 577 567 560 555 553 553 553 552 549 543 535 540 536 535 536 539 545 553 561 569
477 476 478 484 492 503 517 535 554 574 593 610 626 639 649 657 664 671 675 679 684 690 694 697 700 703 704 704 705 706 708 711 716 722 729 735 739 741 742 741 739 735 729 722 717 713 709 706 704 701 696 689 665 650 636 620 605 591 581 577 576 576 582 589 597 605 612 617 619 616 609 600 592 583 570 558 549 543 541 542 542 541 539 533 527 529 525 523 524 527 533 542 550 557
466 466 469 474 483 494 509 526 545 564 582 598 612 625 635 642 649 655 660 663 668 673 679 684 689 693 695 695 694 694 694 697 703 709 717 724 728 730 730 730 728 723 717 712 707 702 699 696 692 689 684 678 655 642 626 610 595 580 570 565 563 562 566 573 580 587 596 603 606 604 597 591 585 574 559 547 538 532 529 529 529 529 526 522 517 511 516 513 513 516 522 530 537 543
455 457 460 465 474 486 501 517 535 553 569 585 598 610 619 626 631 637 641 645 650 655 662 669 675 681 686 687 685 682 682 685 690 697 705 712 717 719 720 720 718 712 706 700 694 689 686 683 679 675 670 655 644 631 615 599 584 570 560 554 550 549 551 556 563 571 580 589 594 592 587 581 572 559 545 535 526 521 519 517 517 517 514 510 505 500 506 504 505 508 512 518 524 529
444 448 451 457 466 478 492 508 525 542 558 572 585 595 604 609 614 619 622 626 631 638 646 654 661 668 674 677 676 674 673 673 678 685 692 699 705 709 711 712 710 703 695 688 680 675 672 668 664 659 647 640 630 619 605 590 575 562 552 545 540 538 539 543 549 558 567 576 581 580 573 564 555 544 533 523 516 511 509 507 506 504 502 499 495 491 496 495 497 499 503 507 511 515
434 439 444 450 459 470 483 499 516 533 548 561 573 582 589 594 599 602 605 609 615 623 632 641 648 655 661 663 663 662 661 660 664 672 679 686 692 697 700 702 701 694 686 676 667 662 659 655 650 644 634 626 617 608 596 582 567 554 545 538 532 529 529 532 539 548 556 562 566 565 558 548 539 531 522 513 507 502 500 497 495 492 491 489 486 483 481 487 489 491 494 498 501 503
425 431 437 444 453 464 476 491 508 524 538 551 561 570 576 581 585 588 592 595 601 608 618 628 636 643 647 648 647 646 645 647 652 660 667 674 680 684 687 689 689 685 677 666 656 650 647 643 638 630 625 617 607 598 588 574 559 547 538 531 525 521 521 524 531 539 545 550 552 551 545 537 528 519 510 503 497 493 490 488 485 483 480 479 478 475 473 480 481 484 487 491 494 494
416 424 432 439 448 458 469 483 499 514 528 539 549 558 564 568 572 576 578 582 587 594 603 614 623 631 635 636 634 632 632 634 639 647 655 662 668 673 677 679 679 676 669 659 647 639 636 633 623 620 614 607 596 586 577 565 551 540 530 523 517 514 514 517 523 531 536 539 539 537 532 525 516 507 499 493 488 484 480 478 476 473 471 470 469 466 464 462 473 476 481 485 487 487
408 417 426 434 442 451 462 475 488 503 516 526 536 544 551 555 559 562 565 568 573 580 589 600 610 619 624 625 624 621 620 621 625 632 641 649 658 665 669 671 670 668 663 654 642 633 627 614 609 606 602 596 585 576 568 557 545 534 523 514 509 506 505 509 516 523 528 530 529 524 518 511 503 496 488 482 477 473 470 468 466 464 462 462 461 458 455 453 463 467 472 476 479 480
400 409 418 427 434 442 452 464 476 489 501 512 521 529 536 541 546 550 552 555 559 566 576 587 599 608 614 616 613 609 607 607 610 617 626 636 647 656 662 663 662 660 658 650 640 630 619 596 591 590 589 585 576 568 561 550 538 528 517 507 500 496 496 500 508 516 522 523 519 513 505 498 491 484 478 472 466 462 460 458 456 455 455 456 456 454 450 445 443 456 461 466 469 471
390 400 409 417 424 431 439 450 461 473 485 496 506 514 521 527 533 538 541 544 548 554 564 576 588 597 603 605 602 597 594 593 595 602 612 623 634 645 652 654 654 653 651 646 639 628 596 581 574 573 572 570 565 558 554 545 533 521 510 499 491 487 488 492 500 509 515 516 512 505 496 488 481 475 469 463 457 453 451 449 448 449 450 452 453 453 448 440 435 444 448 453 457 461
379 389 398 405 412 418 425 435 446 458 471 482 492 500 507 514 521 527 532 535 539 545 554 565 577 586 592 594 591 586 583 581 581 587 597 609 621 633 641 645 647 646 644 641 635 611 594 576 565 560 557 556 552 548 545 538 527 515 503 492 485 481 480 484 492 501 508 510 507 501 490 481 473 467 461 454 448 444 442 441 442 444 447 450 451 451 445 436 430 433 434 438 442 448
369 377 386 393 400 406 413 423 434 446 458 469 479 487 495 503 510 517 523 527 530 536 544 555 565 575 581 584 582 577 574 571 570 573 583 596 608 620 630 636 639 639 638 635 628 605 589 575 564 555 549 546 543 540 537 532 521 509 496 486 479 474 473 478 485 494 501 504 502 495 486 476 469 462 455 448 441 437 434 435 437 440 443 446 447 446 441 434 427 420 423 424 428 433
360 368 376 383 390 397 405 414 424 435 446 457 467 476 485 493 501 507 513 517 520 525 533 543 553 561 568 571 570 567 564 561 559 561 569 582 595 608 619 627 631 633 632 629 611 595 579 568 560 552 545 540 536 534 531 525 515 502 490 480 471 466 466 471 479 487 493 497 496 490 481 474 467 460 451 443 436 430 427 427 430 434 438 440 441 440 437 432 425 417 415 414 416 420
353 360 368 376 383 391 398 407 416 425 435 445 455 465 475 484 491 496 502 505 508 512 520 529 538 547 553 556 556 555 553 550 548 550 557 570 583 596 608 617 623 626 626 618 608 592 575 561 553 547 539 532 529 528 524 517 507 495 484 472 463 458 458 463 472 480 486 490 489 485 479 472 465 456 447 438 430 423 420 420 423 427 432 435 437 436 434 430 423 415 408 407 407 409
348 354 362 370 378 385 392 400 408 415 424 433 443 454 465 473 480 485 489 492 495 499 506 514 523 531 537 540 541 540 539 538 538 541 548 560 574 586 598 607 614 619 617 612 603 590 574 559 549 542 533 523 519 518 514 507 499 489 478 466 457 451 451 455 463 473 479 482 483 480 476 470 462 452 443 433 424 416 412 413 416 421 426 430 432 433 432 429 423 415 406 403 399 399
343 349 356 364 371 379 386 393 399 405 413 421 432 443 454 463 470 474 477 480 482 486 492 499 508 515 521 524 525 524 524 525 527 532 540 553 566 578 589 598 606 611 609 602 594 583 572 560 548 536 525 516 511 507 502 497 490 482 473 461 451 444 443 446 454 463 471 475 476 475 472 466 458 448 438 428 418 409 405 405 408 413 417 422 425 426 427 426 421 414 404 399 393 391
338 342 348 355 363 371 378 385 391 396 403 411 421 432 443 452 459 464 466 469 471 474 479 486 493 500 505 507 508 508 509 513 517 523 533 546 559 571 581 590 597 602 599 592 585 577 570 561 549 532 516 509 506 498 492 487 481 474 465 454 443 436 433 436 444 452 460 465 468 468 466 461 453 444 433 422 411 402 397 397 400 403 406 410 413 415 416 416 414 409 400 392 388 384
332 336 340 346 353 361 368 375 382 388 393 401 411 421 433 442 450 454 457 460 462 464 468 474 480 485 489 491 492 493 496 501 508 516 527 539 552 563 573 580 590 591 588 583 578 572 566 560 549 531 509 499 497 490 484 480 473 464 455 445 435 427 423 425 431 439 446 453 458 462 461 457 450 441 430 417 405 394 389 388 389 391 393 395 397 399 400 402 401 399 394 387 384 379
327 329 332 337 343 350 357 365 373 379 385 392 401 412 423 433 441 446 450 452 454 456 460 464 468 472 475 477 478 481 485 492 501 511 521 533 545 555 563 574 577 577 576 573 570 567 563 557 549 532 509 494 488 481 475 471 463 454 444 435 425 418 414 414 418 426 434 442 451 459 461 457 450 441 429 414 400 388 381 379 378 378 379 380 380 381 382 385 386 387 385 380 375 375
321 323 326 330 335 341 348 356 364 371 377 384 392 402 413 424 433 439 443 445 447 450 452 455 457 461 464 466 468 471 477 485 495 506 517 528 538 546 552 561 564 564 564 563 562 560 558 554 547 533 510 492 483 474 468 462 453 442 433 424 415 410 406 405 409 415 424 435 446 454 459 459 453 442 428 413 397 383 375 370 368 367 367 366 365 365 366 368 371 373 373 372 369 371
316 318 321 324 328 333 340 348 356 364 371 377 384 392 402 413 422 429 434 438 441 443 444 445 447 450 453 456 459 463 469 479 491 503 514 524 531 537 546 549 551 552 552 552 552 551 550 549 546 537 518 498 485 474 466 456 445 433 422 413 405 400 398 398 401 407 417 428 439 447 453 455 452 442 427 411 395 381 370 364 361 360 358 353 351 351 352 354 356 358 360 361 362 362
310 313 317 320 323 329 335 343 351 359 365 370 375 381 389 399 409 417 424 429 433 434 435 436 438 441 444 447 451 456 464 476 489 501 511 520 525 532 535 537 538 539 539 539 539 539 541 543 545 541 528 508 492 478 466 453 440 426 414 404 396 392 390 391 394 400 409 420 431 440 445 448 447 440 426 410 395 380 368 361 356 354 350 345 342 340 340 342 343 345 348 352 354 355
304 308 313 317 321 326 332 340 348 355 361 364 366 370 376 385 395 405 413 419 423 426 427 428 430 432 435 438 443 449 458 471 486 498 508 515 519 523 524 525 525 525 525 525 526 528 531 535 540 540 530 513 496 482 466 451 437 423 409 398 390 386 384 385 387 393 402 412 422 430 436 439 439 435 424 410 394 379 368 359 352 348 344 342 339 335 332 333 333 334 338 342 345 346
297 303 309 315 320 325 330 337 345 351 356 358 360 362 365 372 381 391 401 408 413 416 417 419 421 422 425 431 437 443 452 466 481 493 503 510 515 515 514 513 512 511 511 511 512 515 520 527 533 535 529 515 499 484 468 451 437 422 407 394 385 382 380 379 381 386 393 401 410 418 425 428 428 425 418 408 394 380 368 358 350 344 341 340 337 332 328 326 325 325 328 333 336 339
293 301 308 315 320 324 329 336 342 347 351 353 354 355 357 361 368 378 388 396 402 405 407 409 410 412 416 423 430 438 448 461 475 488 497 508 509 508 506 504 502 499 497 497 499 503 510 519 525 528 524 513 500 486 470 454 438 422 406 392 383 378 375 373 374 377 382 388 396 405 412 416 417 416 412 405 395 382 369 359 350 344 339 336 333 329 323 320 318 318 321 325 330 335
292 301 309 315 320 324 329 334 339 343 345 347 349 349 350 353 358 366 375 384 390 394 396 398 400 403 407 415 424 434 445 458 471 482 499 503 505 503 501 498 495 491 488 488 489 492 499 507 514 518 515 507 497 486 471 456 441 424 407 392 380 373 369 368 368 368 371 375 382 390 397 402 404 405 403 398 391 381 371 360 350 342 337 332 328 325 320 315 314 314 317 321 327 333
293 302 310 316 320 324 328 332 335 338 340 341 343 344 345 347 351 357 364 372 379 383 386 389 391 394 400 407 418 429 441 453 465 476 493 498 501 500 497 494 491 487 484 482 481 483 488 495 502 507 506 500 492 483 471 457 443 426 407 389 376 368 364 363 362 361 361 364 369 375 381 385 388 390 389 386 381 374 367 358 348 340 334 330 325 321 317 313 311 312 314 318 324 330
295 304 311 316 319 322 325 328 331 333 334 335 337 339 341 342 346 351 356 363 369 373 377 380 384 387 393 401 411 423 435 446 457 478 486 492 496 497 495 492 489 485 481 478 475 474 477 484 489 494 495 491 484 475 466 455 442 425 406 387 373 364 359 357 355 353 353 355 359 362 365 368 371 372 372 370 368 364 360 353 345 338 333 328 322 317 313 311 309 310 312 316 321 326
299 306 312 316 319 321 323 325 327 328 330 331 333 335 337 340 343 347 351 356 361 366 370 374 377 382 387 395 406 417 429 439 459 470 479 486 491 494 493 490 487 483 479 474 469 465 467 471 476 479 481 479 474 468 461 453 440 423 405 388 373 362 356 352 350 348 347 348 350 352 353 353 354 355 354 354 353 353 351 347 342 338 333 326 318 312 310 308 308 309 311 315 319 322
302 308 313 316 318 319 321 322 324 325 327 329 331 334 336 339 342 346 350 353 357 361 365 369 373 377 383 391 401 412 423 433 451 461 472 480 486 488 488 486 484 481 477 471 463 458 458 460 463 466 468 467 465 462 457 450 438 423 406 389 374 362 353 348 345 343 343 344 344 344 343 341 339 339 339 339 340 340 339 338 335 333 329 323 315 310 308 308 309 310 312 314 317 318
305 311 314 317 318 318 319 320 322 324 326 329 332 335 337 340 343 346 350 353 356 359 362 366 370 374 379 387 396 407 417 434 443 454 465 474 480 483 483 484 483 480 475 468 461 455 452 451 452 454 457 458 459 458 454 447 436 422 406 389 373 361 350 343 340 339 338 338 337 335 333 330 327 325 326 327 327 327 327 327 325 323 321 317 312 308 307 309 310 312 313 314 315 315
309 313 316 318 318 318 319 320 322 325 328 331 334 337 340 343 346 348 351 354 356 359 361 365 368 371 376 383 391 401 420 428 437 447 458 468 475 478 480 482 482 479 475 468 460 453 448 444 443 444 447 450 452 453 450 443 433 421 405 388 371 357 346 339 336 334 333 332 330 326 324 321 318 316 316 317 316 316 317 316 315 313 312 311 308 306 306 308 311 313 314 314 314 313
311 315 318 319 319 319 320 322 324 327 331 334 338 341 344 346 349 351 354 356 358 359 361 364 367 370 374 379 386 404 415 424 433 443 453 463 471 475 478 480 481 479 476 469 460 452 444 437 435 435 438 441 444 447 445 439 430 419 404 387 369 354 341 334 331 329 327 325 323 320 318 315 312 309 309 310 309 309 308 307 306 306 305 305 304 303 304 306 310 313 314 313 312 310
314 317 319 320 320 321 322 324 327 330 334 338 341 344 347 349 352 354 356 358 360 361 362 364 366 369 372 376 381 399 410 420 430 440 450 459 468 474 477 479 479 478 474 468 459 449 440 432 428 427 429 433 437 439 439 434 427 417 403 385 367 351 337 330 327 324 321 318 316 313 311 309 306 304 304 304 304 303 302 301 300 299 298 298 299 300 301 302 306 310 312 311 309 307
315 318 321 322 322 322 324 327 330 333 337 341 344 347 350 352 354 356 358 360 361 362 363 365 367 369 372 375 385 394 405 416 426 437 446 455 464 471 474 476 476 474 469 463 456 447 437 429 423 420 421 425 429 433 433 430 423 414 400 383 365 348 334 327 324 321 317 312 308 305 304 303 301 300 299 299 299 299 298 297 294 292 292 292 294 295 296 298 302 306 309 308 307 305
316 319 321 322 323 325 327 329 333 336 339 343 346 349 351 354 356 358 360 362 363 364 365 366 368 370 372 379 384 392 402 413 423 433 442 451 459 465 469 470 470 467 462 458 452 444 435 425 417 413 414 418 422 426 429 427 421 412 399 381 363 346 332 324 321 318 314 308 302 299 299 298 297 296 295 294 294 295 294 291 288 286 285 287 288 289 290 293 297 302 304 305 305 303
316 319 322 323 325 326 329 331 334 338 341 344 347 350 352 355 357 359 362 364 365 367 367 368 369 370 373 381 386 393 402 412 422 431 439 446 453 458 460 460 460 458 455 451 446 440 431 421 412 408 408 412 416 421 425 424 420 411 398 381 363 346 332 323 319 315 312 306 300 296 295 293 291 290 290 289 289 288 286 284 281 280 279 280 282 283 284 287 292 296 300 301 302 301
