inst/extdata/dem.asc
NCOLS 99 
NROWS 98 
XLLCORNER 794888.315278898 
YLLCORNER 8932094.77531187 
CELLSIZE 30.5 
NODATA_value -3.4e+38 
[rows 40 to 59 of 98, columns 0 to 45 of 99]
554.124573174639 570.36521805518 586.406728988441 599.58260117071 611.738757105477 620.928214053089 628.020115867404 633.412723162075 639.520039374376 643.79841649583 647.811748992666 652.950441209155 658.117114773708 665.077293854595 671.829552810163 677.750993326121 683.444274630903 687.868322728003 688.690047102803 686.968075727605 684.757801881272 684.888006136735 688.007229364332 693.369614390419 700.22172135514 708.301906400694 715.369459421832 720.149595269444 722.222255080219 723.001196444537 723.061237252701 721.10800424923 715.509075927198 709.599812832508 704.027053446364 698.474717335611 693.592064548294 690.69478336452 687.791238599631 683.896570358595 680.377986621916 675.48404532056 669.579099531882 660.271394583288 648.537473471104 635.616644791133
543.335160829672 559.366530679658 573.610942155649 586.634791930424 596.927325164471 605.945323120799 611.311547485821 616.445783375415 621.671980207343 624.983917319459 629.154551095484 634.340117229959 641.162148502303 649.10876203257 657.017348181255 663.933124635799 670.811554077803 676.627661263358 679.19615143454 678.023755903738 675.886901773134 675.225281129463 676.139533892608 681.27023171665 688.366663699581 695.729732234113 702.805350732263 708.571133694181 712.032901835609 713.784939680267 714.49353459845 712.479194224616 705.864874742093 698.627282508888 692.052768418254 684.894216252949 680.035144929084 677.136556854144 673.620560082633 669.730820745857 665.230552985676 659.75448088672 653.86637873652 646.134692906225 635.813012230166 624.024895929521
534.337123707655 549.430561887248 562.575321727055 574.668259603637 583.816603795521 591.098207040833 596.213459274644 601.272786075355 604.683604805405 607.847174480895 612.036430533017 618.053911277456 626.023458652215 634.946092054771 643.79855882385 650.897618079187 657.967067106808 663.955888297811 666.215822503372 666.058400317235 664.921257537074 664.022381644429 663.515794115893 667.979520995635 675.789546885981 682.888694029319 689.961661681255 696.027561547958 700.76804586478 703.519448526323 705.206305165605 703.814337411825 696.862995245219 688.913354425724 680.059720561259 671.603683329707 666.752552973071 663.832885629158 659.922441289042 655.398514584417 649.916461031825 644.625602908025 639.274416230013 631.766969290378 622.437606542676 612.601188248566
525.484894176628 539.609099482832 552.565512315397 562.8309067437 571.802084209426 577.983768307207 583.048460145548 587.254357816021 590.396286102161 594.309450403435 597.697452681234 603.851005072701 611.25110133499 621.165360226429 630.987695505067 638.841747982746 645.837251212165 650.270713216797 651.544432452688 650.899090513457 650.024361900268 649.228898472252 650.669803860252 655.607236828238 663.663481539745 670.754825197252 677.812115147994 683.846782741257 688.211680392374 691.279217140477 693.303917466108 692.914336648979 687.871883371791 679.861302270296 669.330079938744 659.90669478584 654.453977784749 651.518606919598 647.583938712116 642.667652443241 637.399548727731 633.617001337693 628.603559479197 620.632621541904 611.163577713156 602.192793302713
515.76823813017 529.701625052938 540.956997441005 550.997408868058 559.939669710641 565.940145215231 570.177780258686 574.270040489874 578.129741569425 580.645394028841 584.63401173722 590.010643469003 597.220223961057 606.607357772623 617.41339503925 626.250888220054 633.947871195391 637.905152039112 638.875480689128 637.224074249807 635.653234306598 635.591790621592 637.822548481779 643.051265455511 651.137590921435 658.905801852729 665.955226549271 671.992182824183 676.718518163987 680.402600484202 682.398951228266 682.342480376383 678.906468187248 671.497117113115 661.157029003144 650.129605054591 643.139419312237 640.211440286282 636.835514564435 631.915478250074 627.069681822626 624.054325036472 618.500533927919 611.034897004533 600.602251913849 591.152218195488
505.019797397045 518.048260733955 528.260670909199 538.251323194356 546.421418943645 553.212993847376 557.313010823386 561.366245118704 564.623406815397 567.567755162128 570.960128171938 576.177475955539 583.393480171745 592.608139406796 603.647755898585 613.469009945461 622.115699149148 626.762531489062 627.729643923837 626.476553898536 623.929443431376 623.396592949472 624.929178080162 629.475343173057 636.954199904868 645.709064817224 653.517078595687 661.558551392945 667.854523011991 671.818114170745 673.751492946581 673.088020431354 670.634676621364 664.783736867755 655.330992678051 643.532472306719 635.145465661621 630.403008261656 625.643034980823 619.629059300729 614.830329960816 611.857512439063 607.0155282292 600.461706204079 589.618903012606 580.285994933237
491.509818227812 503.661629973668 514.523549351753 523.700265873894 531.749390358971 538.723992258323 543.670332150086 548.536971365011 552.348401396496 554.684922483193 557.861032632525 562.34431033662 569.625041582066 579.583347103783 590.714317883491 602.178564763896 611.063076484941 616.64923198895 618.20959447628 615.745234986655 612.230057912061 610.729145570015 611.301544471867 614.928554485833 622.160081111064 631.295467165383 640.817034291529 651.134655340706 659.365398808503 664.512789062764 665.790684589755 664.797592213974 662.798819265878 659.43335541752 650.956579270642 640.265463432439 630.720784058908 621.738966904409 611.808089780232 603.406576315897 598.714774058969 596.948411667263 594.590876514656 589.519115396812 579.752527868448 571.403448550835
475.967140429864 488.013840671633 499.050518360069 508.882871091745 516.92414890223 523.953852512968 529.891821104266 535.74222933193 540.506082336052 543.412560759749 546.568333325006 550.809295403715 557.3823544116 567.596378847912 579.463259548981 591.33720730287 600.213187455655 606.022592112739 607.766438004145 604.736356951327 600.245303610929 597.768518947694 597.372920592143 600.10348542523 607.396008556494 617.250507733708 628.0449610394 639.098405410293 649.262098347012 655.666577142609 657.251429701962 656.885878308841 655.529488249314 653.321994596134 647.066288061706 638.740793030316 627.991522099317 614.564504286652 599.473469905781 587.139095005857 581.454585441573 580.587968796113 579.606276891334 576.573446791382 569.763381751838 562.490717888356
461.122290955394 473.937012964548 484.960959921715 494.904407150097 502.930041671631 510.022639021124 516.944439909131 523.770819707617 529.566378875632 534.108258647316 537.256295387154 541.482163897681 547.802931584316 557.265387990521 568.64548926163 580.495852155188 589.348242592587 595.126185370291 596.830694790314 593.765995767555 589.004515484216 586.189219245599 584.75834799728 585.910429112549 592.615565096232 602.852366979028 614.624454220736 626.38092630266 637.830768716112 645.241349950531 648.43724328564 649.585982190628 648.569663288281 646.497857686138 642.562899867071 635.869765391395 624.70610785554 610.668558503553 593.711051088488 577.574293031865 568.830965433042 565.810296114129 563.886250219981 562.327201301076 557.891649580447 552.658535405538
448.841527626912 460.981718485321 471.990027116574 481.909977382607 489.992980369 497.906399161651 505.733145001608 512.799035045488 519.586469071583 525.271954100198 529.068659376226 532.601212257899 538.862058648087 547.413152337249 558.445660043721 568.97985293242 578.483299336259 584.290652596734 586.668836804537 584.226719042059 579.465358245034 576.562351483551 574.116852148118 573.903804032909 578.481175881454 588.80429686635 601.507231105175 613.604762650739 625.48231051623 634.514310157122 639.628093763441 642.070448471856 641.657758857735 640.183023428626 636.948915796179 630.071862382033 619.019209006103 606.332738318266 589.994227395651 574.604498198433 563.909418714153 556.978749301748 552.634038033534 550.55254393681 547.142061199055 543.753140020608
437.781962896182 449.010459739952 460.003129356639 469.97931738972 478.884356982399 487.696126303916 495.752227535796 503.467325781529 509.731659105134 515.617884923825 519.600009405612 522.888036555079 528.470740751632 536.764875650682 547.086369265103 557.041198249821 565.520517169333 571.998122632414 574.704094033309 573.292727929126 569.823333114387 566.902447433638 564.101553266183 562.87484950834 565.871427868923 575.046330279455 588.119544064285 600.859606854923 613.407038593503 623.81852953034 630.807774817072 634.270982659157 635.33369003411 634.207326191932 630.959611348011 624.137863385535 612.385068004684 598.058584584825 582.452828368418 570.412915725075 561.149437634413 552.872876454198 546.588790362838 542.644441620696 539.274135169547 536.783021540848
427.690851445963 437.935688045501 448.177493647568 458.248354040754 468.145028940932 477.922038649639 486.623623585171 493.701611154645 499.08269171436 504.882070457135 508.182691781867 511.402667769504 516.131950777175 524.358830432428 533.728826690927 543.058291753839 551.641524667146 557.714070812754 560.500823859357 560.177197669462 558.582566420792 556.284208083149 553.469545981775 551.948423129595 554.556450779692 562.547056580139 575.636454272159 588.725858536125 601.682242343852 613.095230380783 621.456737813507 626.476770519443 628.841147127244 628.286617995569 625.569403300666 619.152706519406 607.829435327975 591.807055653327 575.65952608357 563.522308967315 555.676920158642 548.717891351672 541.38652140906 535.66095087436 532.400611484846 530.763200046533
417.737812834915 426.991032286986 436.351860501745 446.532981358455 457.42129314942 468.004901811182 476.161681559823 483.022602211592 488.047282204879 492.449281745545 495.549712318097 498.760101534084 503.217919602749 510.698112285504 519.162875180264 528.199481969699 536.360652933665 542.159726331684 545.035064801463 545.660624770735 544.743282412279 543.491023561906 542.022975632516 541.771894076131 544.951505697709 552.584222876291 565.155451478867 578.718221203406 591.132927790806 602.895290036392 611.7214360024 618.135959489341 621.995928534707 622.299757305861 619.490013754396 613.6952989285 603.796103097291 589.251179288137 573.000209158871 559.038359623138 550.275044520088 543.59948836191 535.139536647982 527.203131540516 524.034703796475 522.817836381054
407.769192749659 416.030793471831 424.623683410015 435.535960426277 446.618102527629 457.434705499186 466.080144395742 472.826076770768 477.024790095407 480.328889679552 483.333575651783 485.895372410365 490.262317611686 496.758761632217 504.353468035473 513.268920451234 520.535651153394 526.311127584018 529.204099591173 530.098418074846 529.300224866363 529.158341500355 529.689216876805 531.415821906511 536.150593855265 544.410479246392 557.17320450381 570.456507489834 582.447301338532 593.64210565541 602.552077964051 609.912648965275 614.530356009923 615.150763376406 611.87145817935 605.581352775866 596.824312375882 584.811220107773 571.488761330325 558.32121149369 547.457786308311 537.909189186315 528.024483009421 519.114245293965 514.91078536292 512.345293688351
398.599403412635 405.965621755539 414.324125610443 424.710216543446 435.792370045406 446.61921337621 455.447381803047 462.246375334412 466.764469235954 469.192527675693 472.151356593945 474.396314282159 478.011929748397 483.605955083111 490.778620386222 498.409474469393 505.314720268307 510.378202723503 512.66579478673 513.634138894158 513.547113359159 514.603011004703 517.688134597006 521.336527564606 527.479100206131 537.238229351299 550.288589734153 563.218602535617 575.077777803894 585.372943604087 594.243885320533 601.375469691516 605.473034440554 606.077559819795 602.684783484393 595.711369366317 588.097625835546 578.806290820808 569.746057266066 559.114009953654 546.819146614275 532.465660690579 519.697572872305 512.185781713339 507.972411953825 502.210225832393
390.287455768615 396.108306192343 404.456651624394 414.5608856841 425.071954025895 436.545220268173 445.452573979813 452.806310308659 456.928730689207 459.776436242118 462.711801218194 464.818680037294 467.442796905222 472.081203606578 478.468803422148 484.780866607028 490.345475835189 494.482377970958 496.475438593375 497.555325165856 498.544896001234 501.251381654953 506.150024008659 512.297462391292 520.038486523583 530.929039936335 543.446906124111 556.292673223564 567.576129256789 577.359795264578 585.095636988532 591.299227445923 595.004249188885 595.585071284264 592.304774427751 586.457062652549 580.452864808478 573.603193809466 567.031020501202 559.07008730583 546.833096470583 529.17706845953 511.612615260517 503.984290246668 500.912573434656 493.628261837372
381.654840385023 387.717896494133 395.284902068014 404.801394253307 415.708875786801 426.804690147533 436.379456885151 443.98231755103 448.643526065649 452.224945609716 454.519851637437 456.581623648136 458.925552291244 463.071957806638 467.756616064761 472.427869990329 476.707856063384 479.957529939082 481.92710693104 483.216562464984 485.795684466914 489.885537258674 496.496284427826 504.937031663398 514.368717195712 525.021381212495 537.119472478103 549.303418324041 559.561371873183 568.150166229428 574.52794109972 579.787255154081 582.929114164794 583.172075548067 581.078481299729 577.221819653879 573.269636466064 568.791373187219 563.700522754996 557.261252534953 546.692468073508 528.524144873468 507.380938002128 496.184126055597 491.995108962557 485.198019552922
373.593516158994 379.806471051042 387.053046936229 395.650634969485 406.074463052923 417.111271621612 427.626431808958 435.976729050719 441.504512094946 445.257965004245 447.311931252957 449.471087186494 452.207037205477 454.979631459193 458.259888613182 461.183993841952 465.120940397548 468.058554595579 470.092365169575 472.01788952044 475.426939033266 481.100644328939 489.069531103821 498.876165530088 509.521538361939 520.26835848569 531.62467395311 542.215072383627 550.838062791078 557.574489559883 562.960593456442 567.298587132655 569.972306884084 570.007650212726 569.424397628319 567.550966407422 565.57445721905 563.068148760902 559.828411377859 554.490720746041 545.870347141766 529.266129723959 507.185031420422 492.070146034608 484.674974248965 477.100303684319
366.612762775447 373.350444176428 379.78963672084 387.282257232261 396.120984636406 406.571673288664 417.336344635921 426.059214813814 432.545455870212 437.129803350031 440.494488229527 443.181872875832 445.383494379721 446.807767703786 448.579712613721 450.865081371288 454.232405037416 457.26298490866 459.988835886594 462.853583234287 466.913834656794 473.472376058644 483.05801324588 494.365538947696 505.895943434208 516.826168246102 526.939256821768 535.039350961956 541.748797691762 547.111285970786 551.490078457271 554.885178262681 557.156182679416 557.702650874955 557.724292809188 557.32630196812 556.763810920339 555.334883737858 553.737868445313 550.858413524795 544.811277005709 531.735330927226 510.85783088554 493.098665870257 482.433401822844 472.999194010779
361.177026919939 367.280344639469 372.608324509174 378.329143215787 385.24778371873 394.152157861028 404.433070629032 413.925114096822 421.521065790329 427.736294150154 432.34267327349 435.706842158577 437.036706583666 438.106634235976 439.340586213103 441.573889616987 444.643182214417 447.712481335147 450.884947728302 454.741384664172 459.843810832972 467.761663311296 479.22558100069 491.742758093555 503.499326861276 513.773032531733 522.65140612554 528.396080646999 533.172681237594 537.068398416115 540.447696982744 542.843301957363 544.338147452075 545.281754561947 545.383453271224 545.485162424064 545.507458598745 545.245504511344 545.768597605897 546.079606022463 544.498249104194 536.292742555214 519.36851885701 500.174671263987 486.120860300191 474.201414043168
