inst/extdata/dem.asc
NCOLS 99 
NROWS 98 
XLLCORNER 794888.315278898 
YLLCORNER 8932094.77531187 
CELLSIZE 30.5 
NODATA_value -3.4e+38 
[rows 60 to 79 of 98, columns 46 to 91 of 99]
463.771723664907 450.04472775641 436.577007504433 422.802844453443 410.461781531651 400.515821783406 393.202710217092 389.569001310903 388.092575524826 389.402587593089 392.647073070176 399.172779855422 408.489969808814 419.237365659882 429.68724756712 437.93210315918 442.933390437579 445.423242643563 443.909878389479 436.660926133083 423.103823078761 407.649168096477 392.457132407065 377.965535814438 366.860476695518 359.749248491666 354.820595138033 352.219787560608 348.201797910923 344.006884733435 341.130743394153 339.106796992842 339.029836183624 340.795021351884 341.876208863192 344.012003939215 347.351298647681 351.148366805185 353.169322318471 354.121563933049 354.348578539888 354.281358225137 353.34200093277 351.781428339692 351.890978098446 352.877400631015
464.125062785996 448.635889667309 434.575955192492 420.206545091011 406.294670468274 395.160045314303 387.629966803013 384.289545319011 382.709123208217 383.361343692219 386.017940032812 392.196326693601 400.80622020866 410.33094648646 419.844544739901 427.65385818165 433.481888812056 436.076710096517 435.552489089052 430.871282966848 420.429451062461 407.013024145463 391.609613988343 377.407253429977 366.515915736508 357.638923434935 350.90542039879 346.640588358405 343.170969469808 341.178664765439 338.010278663272 334.031589583444 331.496267539083 331.997179428215 332.078973125228 333.490561921063 337.48130940052 341.492228309408 344.280787136264 345.676057567957 347.516138386943 347.834568542707 348.664122491222 348.609041530794 347.839235334034 348.009751917468
465.840762822465 449.539520647732 434.66274780821 419.293877659072 404.292197850949 391.717434141811 383.666195201967 380.246976607624 378.126558045274 377.369325932237 379.571438532645 384.364771549163 391.015046300167 398.745967750814 407.48966407901 415.649685624573 422.107992720574 424.951110669711 424.823319820858 421.750353354824 415.010562943742 405.094162369973 391.879593296396 378.353120127176 366.512426498202 356.812469291358 348.989837615404 343.435703032761 340.432068845521 338.843854180228 335.568295300657 330.84063702049 326.944302604285 325.019521743849 324.130358348983 324.681289297512 328.047319710765 332.721807173001 335.966608402005 339.179967255068 342.160470693642 343.792436872541 343.968955444647 344.786188727335 344.817663329478 344.855246317448
467.494115938596 451.865237735731 436.08526376211 419.709095587592 403.715911973655 390.160961524479 380.953964748601 375.751112565393 372.771638835405 371.56255132109 372.550903160568 375.127502365202 379.802469994055 385.739579746077 393.747408536188 402.278094731169 408.900782816779 412.727483318894 413.762789339181 412.794404623252 408.796661908122 401.808418808878 391.960993747302 379.600371021673 367.585623487723 357.564409218544 348.879204473802 342.777828836805 338.08905061792 334.824845292183 331.587788963623 327.417664462163 322.035427052445 319.053306238429 317.535069043856 318.086184612761 321.289495882002 325.508113631259 330.621261125261 335.692248395299 339.9643663232 340.805973669916 340.777623358262 340.780503868904 340.849679617384 341.050966834378
468.179116054618 453.549674742066 438.451052475961 421.306103953091 403.929152574669 388.633470245423 377.288998434786 370.636779333301 367.247986396054 366.419590948777 366.16371293443 366.381884403654 368.892596567692 373.212296639583 379.957009659878 387.405031086431 393.897231458838 398.309778091467 400.488008811519 401.278137185283 399.095231923293 394.252730161821 387.232225119054 377.893520932169 368.288324734006 357.796810869628 348.18427493644 340.724234547077 335.644778446383 330.945206086899 327.006930807019 323.584299849184 318.7399067877 314.56488330365 313.694949499043 314.324518085569 317.445706100709 321.828870311679 327.850422889476 333.50001442447 336.924300434304 337.554990506568 336.594669012464 335.991197080201 336.857386899819 337.090915096999
466.574908258497 453.547305726579 439.246647495231 421.860541325413 403.007164068075 385.690367676192 373.385932406755 365.895398925489 362.219762484713 360.964432372228 359.724785569086 358.753313398182 359.352724373595 362.543887937598 367.452351553312 372.785306004904 377.868862353077 381.611424527506 384.505046830321 385.922789571741 384.884798832232 381.910897679492 377.230073575179 370.889738021439 364.082280471373 355.286601481654 346.005183235388 338.568664466355 333.058665795464 328.738798463652 323.816837180721 319.743070732154 315.819941582116 312.40432749356 310.988949297109 312.193403996826 314.58591278779 318.962628328809 324.909050998239 330.30806171752 332.734777855108 332.578629942321 331.596414152065 331.039146077181 332.078152103523 333.117161909742
462.134052269325 451.589088620493 437.777001191779 420.452613144609 401.868506918348 384.355370996549 371.01079646356 362.297016538329 357.576727757227 355.145985244437 353.185860078953 351.579862940587 351.765182945924 353.912308050544 357.317489657578 360.098143819034 362.664234309936 365.130968135657 367.498139809311 368.38636914721 368.037760907122 366.525972884018 364.547081409493 361.302455003042 357.160721959522 350.517362788928 343.227614853363 337.001562618808 331.947669939287 326.49050374027 320.487362358912 315.673525067078 312.280141722366 310.343967021934 309.105102810732 310.309619808942 312.710115890471 316.899468573885 321.834522416038 326.169297194731 327.765997337991 327.394280920751 325.853469479835 326.087095399628 327.126103380874 328.165115142009
457.939198581831 449.233410320865 435.803576274225 419.190185429347 401.660479712467 385.088088187739 370.878313581242 360.524042739331 354.217481698492 350.39076877954 348.210035192488 346.519245021689 346.184610628567 347.322154385279 348.873748364504 350.245111997909 350.648524003069 350.459941537294 351.017642432673 351.599132615102 351.086745474803 351.073032718196 350.679324060969 350.399183983441 348.313770587217 344.628602074467 340.199736982271 336.294679602833 331.0508105939 323.973950427395 316.437304864042 311.37185900987 309.429415554414 308.018932165718 308.289478323552 309.486194835152 311.858787759542 315.743946252041 319.484650651214 322.01480663529 322.611582142215 321.657175811538 320.914790321346 321.145762072209 322.174054983661 323.213068699776
454.399522622615 446.379794024327 434.061369208947 418.952728934188 402.206472369258 385.589990844002 371.03405892812 359.584275429208 350.925329566405 345.972834691011 343.29275161888 341.915893777925 341.920594092406 342.499962671993 342.264239348742 341.701814439856 340.337767007436 338.208935707408 336.488725107588 336.325377164542 336.619730960564 337.038323577566 337.783312703636 337.703820607129 336.95930799454 335.766721314018 333.177317844729 330.882076436441 326.774908400984 320.662487249381 313.62750663065 309.393397141313 307.947378404749 308.297597334594 309.305648512509 310.547851292735 312.472648291332 314.614166886866 317.112811853686 317.897099742108 317.724643867192 316.932036174884 316.949604250021 316.982570543033 317.222006911896 318.468328505346
451.033148497444 443.214591011133 431.945929801953 417.986413447908 401.768451057301 384.944318734662 369.526454275171 357.348435459736 347.302352622028 341.25364256213 338.68535043371 337.527007563968 336.739926412232 336.319777078576 334.864663453209 332.587952943162 330.432150464438 327.503780558617 324.801850156624 323.509394264576 324.443572211043 325.257914498379 325.212332102043 325.333482894523 325.498973615914 325.054448072985 323.241484845967 321.348254333013 319.146357703736 315.288898256386 310.755924090426 307.614674958016 307.359592803147 309.179045507224 310.510420055453 312.281122554607 313.261351854383 314.2102698385 314.955155935616 315.148941470931 315.48231389836 313.738882361746 313.197230252197 313.790211717247 313.259514459503 314.508059002193
446.761346255528 439.400297583859 429.265146872107 416.63709109872 400.642159467235 383.58686434419 367.03704731436 353.436165171537 343.014637065317 337.005377659654 334.282558222421 332.50208805148 331.310566071657 329.951879104697 327.587350999428 324.272521339796 322.085266416616 319.133349776862 316.372211310022 314.753495264218 315.042134148897 315.630068312514 314.918387286823 315.137796145918 315.518372823195 314.589401869248 313.485789011057 311.961962418508 311.04210659384 309.756700263537 307.193740305123 305.767863052793 306.307494164821 308.567521510662 311.411617318681 313.228688218238 313.989839990321 313.95502062222 313.708244138243 312.705215090185 311.717917332242 310.522016263921 309.237175184414 310.039922910836 310.281013941993 311.529621336564
441.675694794323 435.367545962435 426.442336365663 414.774296961235 399.444834197568 382.002825882503 364.695986054574 349.946094183972 338.255684406787 332.270191885241 329.488488576857 327.289662513958 325.106525237205 322.99204549033 320.804059068237 318.103218824083 315.962936051436 313.157608065214 310.248798560156 308.149631942714 308.391290251778 308.869761397099 308.232114775611 307.927420338004 306.974879241336 306.022343203161 305.28184145877 305.01004659932 304.304327062683 304.164403366381 303.383273193447 303.010535634756 304.255254949511 306.708797400162 310.514340772405 313.114044485704 313.690740972031 312.700051372542 311.466502004264 309.487738050344 307.510018611858 305.778944092453 305.045359596827 305.32249982173 306.339411535346 307.829080961166
436.01245778376 430.996877140316 423.339762723534 412.566221713505 397.646577386431 379.876607568526 362.339245193239 346.678550615455 334.48073818152 328.519013033842 325.543524699941 322.51127130906 319.266110187112 316.136040208169 313.63499597938 310.998501993461 309.245539384789 307.22639734813 304.692551740556 303.311207589814 303.228882771417 303.268145061946 303.093034751185 302.228829138477 301.26057886572 300.235348523391 299.08338631833 298.082662020842 297.451712321915 297.765987672668 298.867885973113 299.906856533918 300.960548492539 302.772496930433 306.802618063867 310.352555818991 311.670332487406 310.455419836601 308.487412383115 306.260610091235 303.526174192561 301.800852304334 300.837197256033 300.61023396754 302.845777800806 305.80824594981
431.075735100774 427.346685091501 420.055472692846 409.832742063413 395.191884452584 377.750385034455 360.033915371419 343.840141523793 331.626972566545 325.519289852028 322.543799773494 319.307946458384 315.018396669869 310.051970938152 306.061898872203 303.676134221622 302.853132019356 301.678175119183 300.094214213268 299.125946788049 298.377460316512 298.308139991285 298.380919471344 298.252911600829 297.225855722004 295.590963460475 292.894535929037 291.429289769959 291.458822936777 292.1120781953 293.848150510533 294.89498374783 296.208444053155 298.792120400995 302.839263513767 306.636830417539 308.655773280056 307.713520675297 306.487563218977 304.25283149931 301.272321321744 298.560342252259 297.100196695669 297.844523626826 300.833313596732 303.848054278236
427.356081935197 424.665063784117 418.279816120113 408.207087545338 393.937767112111 376.136004678107 358.411740955377 342.225978238184 329.783442105971 322.908287888623 319.702577005061 316.356346235987 311.990281022098 306.007930157393 300.777927944843 298.420183705483 298.009610817811 296.881702705691 295.810437322564 294.896679593138 294.043538883586 293.34813500875 293.587223377244 293.902688332601 292.381668882072 289.516258167724 286.85959567017 285.237537090131 285.053320088991 286.807442047497 287.904078092791 288.950913512355 290.52051523313 293.837165854149 298.155180214329 302.409285531635 304.21012504666 304.982730929679 304.487713615434 302.245052230652 299.261785875965 296.536917275193 295.069447728538 296.10512866427 299.822653926552 302.587459405194
423.732414800045 422.323771501071 417.021034140226 407.185873611647 393.408845078538 376.558593106333 358.997666914992 342.747630904037 329.892244888105 321.989349859331 317.627563518811 313.658775315241 309.626033146385 303.842323166148 298.544531393155 295.292988816562 293.715619143401 291.528859988965 289.890485870941 289.309602696154 289.111203389576 288.44370802007 288.040289377265 286.815482609592 284.86327158176 282.688866009525 280.373794274704 279.352858661329 278.933724037402 280.242985268927 282.011665536246 283.062451463402 284.654488573095 288.189399926754 292.938534592711 296.999179936457 300.242301067668 301.280288102849 301.763428636218 300.237272285377 297.254003959211 294.537063747289 293.085455379164 294.163842537261 297.663111722651 299.976435235004
420.171126928935 419.921478521237 415.328381967779 406.779796132609 394.519061058353 379.097311398777 362.071432912331 345.616312973435 331.891692327353 322.589962773321 316.463785853709 311.139040151012 306.02611902487 301.051281890435 296.359559680561 292.621526066747 289.255619623025 285.852593625157 284.448269424783 284.516292242596 284.598949540424 283.980835860929 282.263531619252 280.97395739534 279.102469615248 277.471615143979 276.216317669982 274.519417108211 274.100404960803 275.387536145225 277.103251129761 278.401988561689 280.414780478096 282.730335364504 286.321803741657 291.082039872056 294.571979225547 296.33252074162 297.090976762398 296.551199632223 294.546192319316 292.799711191847 292.050731532538 292.380296057181 294.067518363072 297.294469156702
416.482134319343 416.619691057882 413.690280801326 407.494756058517 397.430637764012 382.83540898812 366.194998987381 349.834863161681 335.404421446641 324.084522098822 315.84113014335 308.770337879977 302.83354393071 297.8665506023 293.190581970954 289.178655732719 285.152621639698 281.908727710782 280.64784207581 281.00990270113 281.368239229954 280.103378693585 278.15600903678 276.530572324596 275.546610550559 274.584195425324 273.358672539635 271.65397369458 271.220365701301 272.19909808405 273.204301029288 274.202091873022 275.504817909251 277.80618741719 281.405645650791 285.871829534658 288.63681949475 290.677862199155 292.136291499432 291.882848977644 290.606946034673 289.189106227802 288.910904389646 288.810727286976 291.067021598036 294.370510641561
412.804443910014 413.194660158206 411.026851872585 406.757076525262 398.42506291952 385.675352606807 370.954497636411 355.15959096756 339.408666127403 325.828729520522 315.187102187035 306.247059202175 299.062782918522 293.858997613381 289.190935050614 284.968461422499 280.733293031462 278.519808977269 278.261342647273 278.851998028626 278.522101392312 277.395853677847 275.911532615028 274.951988585033 273.92874525592 273.18108494852 272.528121726292 270.807765268677 270.073985429467 270.308684866659 270.97234382356 271.267799859793 272.272708149897 273.87298202039 277.477280853198 281.634233472731 283.681161487352 285.436386907029 286.492408671081 286.924870885124 285.674097849863 284.294342817125 284.584804430668 285.802749831517 288.380115495455 292.598608884908
406.071215506922 407.215929202752 405.362566721078 400.965281243227 394.627403076916 385.404160042906 373.380830172335 358.745478878975 341.750932392889 326.12783452575 314.080425353246 303.978931857797 296.252992477073 290.004631183999 285.381222234911 281.541096965972 278.337362330294 277.427660006398 278.148750815175 277.906945734313 277.196463548618 277.512859205773 278.272676367314 278.040127351197 277.097260545605 276.032562387593 274.649569049752 272.887384646172 271.782438305049 270.708920398011 269.974416008166 269.979967642542 270.596884210821 272.606460160998 274.93171816136 277.678689412744 279.418059067179 280.476345240657 281.22925872189 281.291522911198 280.979027321671 280.545607288428 281.797418426722 284.30565852776 287.91806745073 291.314478804293
