inst/extdata/dem.asc
NCOLS 99 
NROWS 98 
XLLCORNER 794888.315278898 
YLLCORNER 8932094.77531187 
CELLSIZE 30.5 
NODATA_value -3.4e+38 
[rows 0 to 19 of 98, columns 46 to 91 of 99]
890.257718506963 893.61514072938 901.081706426581 912.148304183911 923.581241146833 935.252176225773 947.035924466054 958.525708104688 968.618273065705 978.103255632955 986.450599375588 992.915368603817 998.206812215806 1002.43077944533 1005.89428032047 1007.84382899192 1007.30697184297 1003.21113710385 993.803020797989 979.45127103722 960.956165211748 938.970966570074 915.45517296048 893.842973981942 873.819985210919 854.304738282301 835.843914758202 817.149716929029 797.908308816111 779.22344318687 761.081241863337 742.372922602725 721.313921451683 700.20974858972 680.913464434352 662.956746757221 646.281493550747 633.186377409193 623.627442515976 616.690800199898 610.860106374859 605.301379902098 600.103571973892 596.053435916383 594.900469836414 597.269718938943
908.474730072364 911.457289038995 918.191108320057 927.687754567801 938.937881146669 950.761470431919 963.208632500212 975.896972532404 987.183807461085 997.841589299689 1006.54539357369 1013.55049756068 1018.93669382426 1022.54249219586 1024.39136696468 1023.29112732689 1018.56956855199 1011.03144962883 999.649359042179 984.128012138417 964.625422692353 942.320847272699 919.104397172452 898.051622938565 878.028022062309 857.535707395469 837.751561797125 818.64115189214 800.092495755958 781.976580174285 764.408450082169 745.911037810283 725.27331941954 704.132435888121 684.056834397826 665.116459010835 648.004867828689 634.184716416172 623.238630983412 614.453273751766 606.721356711615 599.489052004332 592.427060126327 586.075812583228 582.429604407086 581.975137509292
928.471930610347 931.326444434072 937.12390015437 945.528479684625 955.947153152647 968.143423176968 980.947401965987 993.801570637554 1005.82040623414 1016.34873878663 1025.41848827447 1032.80471170989 1038.25472143506 1041.16885784644 1040.80332433058 1035.57524757313 1027.00982458597 1016.858309848 1004.07966551158 987.040123014299 966.808145512968 944.408969645246 922.373571182892 901.86166031191 881.83804236126 860.651609580748 840.123749134343 820.344302164126 800.924085272044 782.977032085732 765.866250962002 747.915576009532 728.146364674671 707.745333796687 687.601947038258 668.268720952196 650.908553185903 636.377059931003 624.169715711068 613.976506799973 605.109010127775 596.568399390372 587.671129928314 579.687888898706 573.540138992708 570.458910065679
948.637115746483 952.447102942598 958.009082426637 966.018553150253 975.680821657504 987.114326213927 999.143010519895 1010.61445884508 1022.30550117388 1033.3202111357 1042.70646918121 1050.15484234342 1055.6047326538 1057.27374302655 1053.75574316553 1044.97133612636 1033.80248636586 1021.59083433501 1007.00155674258 988.539914152188 967.920232856767 946.49581569123 925.78717603113 905.671692878637 885.648057851574 864.688378101745 843.33483016325 822.012424862617 801.172387113136 782.644332894275 765.468492205449 748.650675604575 730.479154857308 711.253597213015 691.828415910757 672.264005337405 654.458240533402 638.726964451728 625.370622911107 614.589797189398 604.899746108626 595.359727328276 585.139855427476 575.656553919909 567.345904827759 562.149040925239
969.147647045897 973.380015205926 979.535873420665 987.155626332468 995.880750086233 1005.75311617895 1016.56785402888 1026.91146794156 1037.70463802986 1048.08027854195 1057.31227769345 1064.76836240957 1069.68197669081 1070.25003784197 1064.59106800798 1053.9934131037 1040.44127649309 1025.51502704909 1008.71976644847 989.458543019601 969.243443149352 948.928097292483 929.308301346753 909.961236112098 890.598499864992 869.574305738761 847.180440759319 824.056084257498 801.933391387536 782.429633471734 764.961805805603 749.109155782807 732.72609896008 715.199005672452 696.516519442015 676.778456061757 658.460234480684 641.574001947084 627.112742156284 615.277959363198 604.957507839 594.585994294389 583.736325462488 573.08760148506 563.656203870386 556.779612973858
991.425325107424 995.929271664418 1001.59701799045 1008.32359728897 1015.47307752981 1024.01378347314 1033.21278779468 1042.34503633384 1052.16235892544 1062.10845643436 1070.71522621384 1077.40089372524 1080.83657659643 1079.65028850224 1072.58709033389 1060.91696294208 1045.98696713029 1029.00245841287 1010.63702426278 991.493262257962 971.672660207904 952.638597596581 934.193942221846 915.822741714084 896.489452290652 875.577622874801 852.07431187423 827.507959631907 804.290092387647 783.802785884332 766.48880081065 751.076824739999 735.770117388153 719.620202268884 701.740884320319 682.561525044864 663.299480438387 645.260101285416 629.823159000248 616.687036073862 605.5650596611 594.695841112864 583.32412305534 572.179043995709 562.247965363586 554.183749387116
1013.1706223012 1017.9539751304 1022.90999764281 1028.06214013081 1033.88503073523 1040.82070004229 1048.10502666208 1055.99503372952 1064.84433488632 1073.97653716085 1081.66118789842 1087.36300243524 1089.0760115109 1085.89063065251 1077.54260233872 1064.87282874015 1049.47139784511 1031.48181669308 1012.55321039431 994.047192815495 974.987147063651 957.094388829146 940.214904321408 922.530784683487 903.502923243172 882.433497007178 858.308516881459 832.808434339244 809.047981060151 787.739790466699 769.998402146763 754.961210635722 740.517706135761 725.335730902683 708.416440577679 689.797468370689 669.618731043406 650.067472262056 633.501872687026 619.382158327256 607.276593625029 596.118134041454 584.387392868585 573.095252205726 562.447540676599 553.391889382114
1031.05131479739 1035.70319780969 1039.96314732655 1044.62622477191 1049.64794925389 1054.88953743677 1060.21420631012 1066.88544335947 1074.20597366538 1082.1784081486 1088.33061873153 1092.31787455036 1092.12178001363 1086.96079698254 1077.89924578847 1065.48665637067 1050.20476153484 1032.51441271691 1014.2054010895 996.616785342488 979.03631158911 961.831336081664 945.533555980551 928.509300260416 909.907717457006 889.132533931373 865.514850140925 840.349781309062 815.756532055214 793.847962166119 775.292540845002 759.856658120385 745.664951663998 731.318481822901 715.382763408644 697.026725424531 676.520038193117 655.808045785052 637.76052144593 622.90295770921 610.709452709002 599.172511407193 587.279391858157 575.261868445565 563.627832798436 553.249460062445
1043.67222062086 1047.92056817271 1051.27354189935 1055.14294050867 1059.27757539501 1064.01495403835 1068.36950735824 1074.04024856279 1079.66020316287 1084.74105407306 1088.62411720638 1089.56678050426 1087.58996239749 1082.2676966356 1073.79461175314 1062.83392584562 1048.5057697095 1032.24301132001 1015.61690490444 999.202040541334 982.852867906505 965.99880635038 949.716749107651 933.426149456283 915.545876657966 895.651456896959 873.460511242248 848.978541396144 823.917524730339 800.935485302507 781.798351303354 765.11099678191 750.514249254656 736.480390197614 721.380774656083 702.867313418358 682.216699048462 661.185532985152 642.364389315396 626.896522561726 614.941866443727 603.179181220784 590.789618954412 577.191603642837 563.963778016603 551.76659664123
1047.62088204413 1051.6483856737 1054.8729557939 1058.61408372309 1062.59692892317 1066.74968804356 1071.37587270299 1075.90862321797 1079.64288584479 1081.84679891707 1082.35871593751 1080.58752596302 1077.26400308569 1072.99510291484 1066.75949628371 1057.88254139188 1045.29616857899 1030.93934619316 1016.30419050391 1000.63631881498 985.129116558643 969.020409753328 952.91593453494 936.898511251878 920.321257062054 901.567140469157 880.642152067026 857.405906355612 832.647924804718 808.643460192212 788.3129187641 770.300116896832 754.942297634144 740.773519628032 725.183169154299 706.569167385729 685.945359958337 665.320803526617 646.665057825112 630.873177683821 618.450007062963 606.558853187437 593.075390812226 577.628298592045 562.789689408879 549.088934372481
1042.42068937754 1046.47394523 1050.36712666378 1054.36371118171 1059.00266914764 1063.8094300998 1068.78424655087 1072.47469555228 1074.43431680335 1073.92305114739 1071.84049895229 1068.51455304 1064.68414273335 1060.78746831723 1056.42944010615 1050.14061361961 1040.21235961542 1028.00937857353 1014.86693028791 1000.02799481528 984.959346256917 970.188848663413 954.977966017016 939.596618014022 923.730674535006 905.903581724681 885.970016489351 864.022296853364 840.060421838096 815.914122867222 793.594767222161 774.236346336034 757.506703524727 742.572809774481 726.588860306845 708.21312114001 688.101186618764 668.364910975258 650.364672085698 635.099314941758 622.074455126263 609.560548209826 594.092316663634 576.887709416839 560.938942772809 546.254542500553
1030.71587151668 1034.81606705071 1039.52240565373 1044.39151996487 1049.4248514302 1055.09616727216 1060.34504245504 1063.87709402654 1064.8425259263 1062.8842103404 1058.93039915342 1053.84218975977 1049.64214081058 1046.84216229047 1043.80436440335 1039.57626231582 1032.45735737542 1022.98856912649 1010.7267336766 997.233411702696 983.05731579298 969.481424761437 955.356088712228 940.981971510266 925.358744942134 907.826239008843 888.750480332869 867.8020268754 844.839416501941 820.953777019546 797.695006708261 777.30057762594 758.84208353374 742.693527570963 725.997768176499 707.481466886068 688.529708266869 670.319017850245 654.217469943758 639.824832022642 626.550575539125 612.429019639227 595.279172121071 576.920233952264 559.636015349267 543.850348136267
1014.06953679903 1018.03701056483 1022.95827043746 1028.09723885059 1033.82947258719 1040.49448328982 1047.16270852483 1051.03691538922 1051.80633294724 1048.45535505193 1043.15101072317 1037.34995270259 1033.5839445137 1031.42094076856 1029.29912655825 1026.31550099099 1021.28047598965 1014.14280449119 1004.43185204825 992.564065200285 979.960182944058 967.534154852877 954.400312410741 940.552966278843 924.552481645199 906.891250849879 888.594613724499 869.092891424696 847.694655536184 824.603415912105 801.909804423366 780.474576346865 760.562210526184 742.92082143288 724.739041653941 705.863619687218 688.038968564228 671.31691941715 657.493764612372 644.076427291156 630.197942874206 614.303781532681 596.305336812148 577.090545181176 558.765754644021 542.64708698159
994.881015687481 998.050287874652 1002.84032562679 1007.40338480987 1013.79580997631 1022.07807363086 1030.11845633686 1035.40787289878 1035.91086343732 1032.51571102424 1026.45332923023 1020.43853029973 1016.39069477401 1014.17115369439 1012.312905424 1010.19195154041 1006.93186550924 1001.78504266149 995.111455330164 986.24580109919 975.336800796922 963.516350256569 950.777769329051 937.039950751978 920.739786771058 903.462736227135 886.081490609607 868.349950117758 848.934702081796 827.489606435028 805.925696807074 783.603060027537 762.611386303888 743.633886103897 724.738834792569 705.342956533947 687.402035915572 671.46402790356 658.685149416014 645.913871905257 631.004044126464 614.362100382149 595.827034588617 576.067831063649 557.631232530439 542.29922668084
973.864982187337 976.522113020274 980.682997880977 986.108223177106 992.966456810444 1002.30734264503 1011.39342710697 1017.2999807101 1018.80702811268 1015.28656983823 1009.45404230386 1002.98009323305 998.029086861862 995.092257759731 993.110772310059 991.789349729163 989.797351241093 987.014827716662 983.248107897378 977.148458662803 968.584921505771 957.723460457937 944.636555303924 930.780121626927 914.471924266991 897.990048597434 881.616040589736 865.670366724603 848.23811014155 828.344778870299 807.893885066519 785.435227386393 763.596871042697 743.65930928369 724.563940811115 704.400716922181 685.88639285584 670.642834351659 657.739339090622 644.137670141036 628.621032206464 611.875544428547 593.348199892701 573.946957661405 556.309213564987 541.637367020518
953.195378425336 954.257227682358 958.552197111679 965.07780332882 972.781452741603 981.906971162428 991.121256452199 998.211843132783 1000.42480362678 997.873556621601 992.48030840186 985.267415258666 979.340621169496 975.428008293682 973.25491104116 972.733015284883 972.238105501318 971.1350964477 969.589156238618 965.54089848284 958.775020296604 949.072432506431 936.356436248356 922.552282963879 907.159012680042 891.251857315268 875.761339354721 860.725192784345 844.621858327993 826.251213167678 806.503009445179 784.566269058915 762.902418231122 742.209186446341 722.127288789493 701.763555788221 683.275381892473 668.097753237332 654.456202971678 639.819542820498 623.714608673713 606.882326636224 588.700687595952 570.517769900557 554.431322241361 540.120602498393
934.855040359968 935.297155229151 939.087009683353 945.721421173552 953.680247417144 962.053753513758 971.07193153783 979.17327923323 982.714073080983 981.424264828104 975.697835815798 968.084005977209 960.762974342257 955.748097334047 953.924213586969 953.815071298383 953.963948654138 953.810401250141 953.07204059132 950.776739369747 945.690197043327 937.574570731402 925.957175392164 912.82257991695 898.213456402062 882.94572223247 868.829802569876 854.547428879531 838.903575815135 820.92289164044 801.694615162913 781.07522156886 760.528336682501 739.660273327515 718.691760143677 698.136271689027 679.680369520163 664.119667625312 649.219339789797 633.925550620373 617.652793398794 600.446411410047 582.964344624943 566.239444236941 551.295782519959 537.537575054169
917.637281888496 918.191854778886 921.788566526121 928.383072974136 935.743746593877 944.336321499208 953.414224389117 961.154119892652 965.634482650201 965.354157774492 960.061903887098 951.942400109134 943.949743307677 937.999478449814 935.236027620845 934.449887200026 934.490409428673 934.647143048896 933.988483528004 932.821211801038 930.09029926829 924.059902679435 914.076386670399 901.576722332296 887.506992467841 873.60610262269 860.51492833977 847.216250246498 831.762303215994 813.821969171895 795.819207075394 777.07333985836 757.296857380855 736.518162843222 715.1576419928 694.10466588918 675.948876763672 660.121311233846 643.896281865156 627.854603564067 611.547074081278 593.902440002543 576.762780945979 560.955739672511 547.019461837418 534.260720946774
899.227529135252 899.865747944311 904.104722563445 910.854882747776 918.582622832174 926.908675972569 935.92532169393 943.977356228134 949.308052538505 949.972024757405 945.624058368207 937.37363661333 928.776548030497 921.376319339485 916.717546592604 914.778991300269 913.632671018233 913.587793642851 913.432388896721 913.192503570074 911.632272635567 907.451994567428 899.920176402947 888.806449978447 876.204112393907 863.763706608956 851.387297463236 838.559634497359 823.605363861959 806.974840242709 790.865341902678 774.086834555584 755.057149300779 733.94845761646 712.066482345413 691.290097443635 673.657862360563 657.488309224967 640.323451317459 623.722695134416 606.856590141522 588.728672372862 571.50312244474 556.168821851857 542.509432088923 530.292650475046
879.132361849437 879.571615524995 883.482080036414 890.208795723692 898.803165983159 908.242829982358 918.027182180327 926.442543941708 932.075790437666 933.596587564709 930.216403179059 922.658077080349 913.886711911963 904.785973829255 898.167736917405 894.064810311778 891.420353966237 890.66176416846 890.748543639707 891.910364225936 891.580397496297 888.747195054664 883.438765991154 874.828750800445 864.304131850756 853.036310963431 841.659306628054 829.871938134423 816.317707530722 801.140922462967 786.926852027424 772.522143687267 755.105974361986 733.789051803024 711.395162429846 691.343229217995 673.515964605006 656.892656938809 639.173006417346 621.649893410098 604.241754808726 585.544136255076 567.878074387511 552.152892044142 538.260772573134 526.001390445608
