inst/extdata/dem.asc
NCOLS 99 
NROWS 98 
XLLCORNER 794888.315278898 
YLLCORNER 8932094.77531187 
CELLSIZE 30.5 
NODATA_value -3.4e+38 
[rows 40 to 59 of 98, columns 46 to 91 of 99]
619.70836351042 603.803221683561 588.896144893651 574.541562642301 564.632647837545 559.189432022231 556.239642638818 555.345881405258 558.440183199263 564.563082573477 571.693830049826 579.305145028265 588.426774483662 596.480324949305 600.507567964792 598.610959005271 592.597756480441 586.678050016831 579.484687445506 567.767906595582 553.309813251509 542.216125438639 533.304834818419 527.773092441751 525.225228709592 524.552689820947 524.642902402305 524.73710195847 521.850606376776 517.952686289941 513.05549169545 507.480426729866 502.877031704479 501.240784771181 502.586690319655 505.344083314054 509.401810344086 514.903731048874 520.450384627715 525.297119831381 529.162991766282 532.791678868674 534.941360781221 535.097940587791 533.693916943474 531.25279101117
609.23533554889 593.874976647723 578.96716112576 565.613439702995 555.714204400418 549.278699267205 544.866722659166 543.468309200362 545.083459164886 549.703963772874 556.33843133308 564.921813258961 574.020536668406 583.09207030998 588.149992420635 586.667462032402 580.888399902974 573.714496783846 564.835089011103 552.789949301725 540.130648493927 530.235438666753 522.117082507209 517.207105182571 515.286293698074 513.369662256949 513.092432097974 512.480986457588 509.921893602152 506.347826870551 501.7595513111 497.15599422875 493.536117836777 492.599315384055 494.660531526775 496.722668544699 500.505881325886 504.574790293826 508.383796937671 511.95570136514 514.805737884464 516.672840116721 518.324275175848 518.676195868747 519.007772762413 518.533102783907
599.763475289124 585.371660884796 570.476658810825 557.608079969377 548.237803291917 541.321139163378 535.925580802388 533.54358954916 534.175165677791 537.81967897617 544.415891799729 553.483945841006 562.088777582687 569.779849811909 574.367131753327 573.401126979665 566.488129442135 557.197036689641 548.315739768611 538.645409733138 528.546570124305 519.05813603913 512.536019376894 507.641916983286 505.709335462526 503.43641096424 502.158272367967 499.912908944966 498.329638884295 495.731391814953 492.126846415494 488.514932417604 485.892187983302 484.968141189464 486.742438679919 489.085823694379 492.146294744216 496.19369138562 499.238863292835 500.803486046895 502.395649588225 503.248979497035 503.347719472185 504.442580436551 505.741391102004 506.824887824275
591.276539169154 577.317255964942 562.451971607889 550.129047159797 541.238515509424 534.32119284606 528.440858889044 525.095180086409 525.23092146389 528.388570789743 535.485129575761 544.054320987574 551.189308391986 556.777524696072 559.912421587235 558.900482758145 552.374329362771 543.302429380991 534.404343025555 526.087312330147 517.200179154783 509.097968677271 503.205181411013 498.691173351357 496.402561505963 493.834409229459 491.561140837363 488.989463634026 487.413690677239 485.804464593403 483.488734857328 480.568870745865 478.648302528088 477.742556867773 478.835393489419 481.905133973737 485.494532940735 489.522592865559 492.286176441764 492.338026031633 492.164130224246 492.008761916893 492.091840136723 493.171751946894 495.03501540108 496.113307712564
581.662712079949 568.754027743649 554.451562527164 543.096592304185 533.735616938553 526.834017296948 520.980751751101 517.639249524156 517.790846017094 520.957436288461 527.599617145103 535.583120776471 541.158756189466 545.270686044295 546.428896973791 544.990050145489 539.452230165875 531.917555421136 523.014842685567 514.123102180998 505.654320722924 499.140766659164 493.628257164489 489.717711063191 486.478813924595 484.540641922048 481.959730224814 479.699131369817 477.136268350935 476.207294802749 475.229312037858 472.325216331355 470.413660612837 469.262242963581 470.392823737569 473.770008835282 478.816575635607 482.847227515971 485.110494350435 485.375907941926 484.431293862282 483.502888831288 483.377176166695 484.439728544091 485.502287107847 486.561367901462
571.765049505326 560.295221010909 547.467773750275 536.53938128988 526.198762214743 518.382921760358 513.037898336568 510.203987024585 509.960590812129 513.605431824289 520.157675658316 527.669386460964 532.636076928256 535.157913597786 534.703828239038 531.473827321285 526.116701320106 519.169524963443 510.682085329163 502.551296364688 494.71230057704 488.836314028584 483.959634468285 480.059463954827 476.542986737817 474.622186427268 472.678491236348 470.095853674646 468.210540158023 467.570921903076 466.569258190913 463.65612083017 461.452797139366 459.601474180693 460.261141355598 464.376806815483 469.43858609597 473.722952722055 476.748084059118 477.994989500781 477.485544570375 476.740026432732 475.838326836876 476.695927541763 477.57922883404 478.788212108914
563.80839927022 552.816546903966 540.950869297558 530.479729633192 519.605297473592 510.348974787625 504.583220079067 501.332902655774 501.085644747205 505.319257889181 512.827439979226 520.225959151883 525.523907937731 526.976146985265 524.65896051494 519.274309809256 512.566904719446 505.643731439586 498.153613278607 491.238712637221 484.115027716594 478.223684749732 473.015988178605 469.161017453366 466.607159253415 464.686359610646 462.778722602517 461.177464735229 459.916555353368 460.221948292847 459.47201298153 456.765701834792 453.54900870996 450.869564680593 449.855893232991 453.250589230587 458.116003584185 463.149338635077 466.441681354803 468.915425945669 470.169175849932 470.582881995469 469.67436735335 469.735902113755 470.022724403968 471.880355395873
556.837551853045 546.78405293496 534.885916227574 523.95341503966 513.041880357886 502.799934711137 495.597858865687 491.920581846355 492.637477798792 496.921156681916 505.004982235143 513.355988534629 519.136028235091 519.919550976939 515.846513907037 509.403636876355 501.137313151891 493.853120298901 486.953410680272 480.429046303753 474.501757029868 468.574476404099 462.749325861399 458.922782962101 456.994126328295 455.081227554948 453.524088134878 453.219299326603 453.606269809003 454.879632870983 455.103051211282 453.527743047448 449.205233671457 443.609332670582 441.058444084776 441.552572987869 445.020541077304 449.87288664897 454.008713672754 458.444130047302 460.938977466328 463.26929836357 462.730390678056 462.829097226031 463.883798499329 464.981450122747
548.940984427297 540.771870974517 529.285319524641 517.370579431927 505.981178512728 495.264523331505 488.00611738281 484.317903289522 484.733031413583 489.048307595251 497.17138593092 506.068757903261 512.225442440264 513.369926924429 509.625725119334 502.858341258114 493.22304828243 484.964491155068 477.742772796321 471.807626707476 465.851832281736 459.599016699707 453.789680515856 449.978955211948 448.068642213251 446.522072941091 446.280222301152 447.634336068293 449.279684124367 451.505444895823 452.464635072548 452.186763669855 446.786395934167 438.734524064673 433.670378504372 431.189932463436 431.754513566554 435.237283157013 439.441692393456 445.27848471567 449.772229846481 454.087153350901 455.622048728853 455.884510907728 456.790112208292 457.903559680637
540.592597790674 534.261602402907 523.2385733072 511.255063777921 498.984202375135 488.755809404532 481.990061194049 477.847006917025 477.291890119971 481.994071577567 489.723064140638 498.633431316365 505.362338452761 507.458915812524 504.628929888845 498.025403718595 487.875545017416 478.667245112182 471.150690728499 464.838778756469 458.497837304212 451.592376347776 445.475023975443 441.643485889928 439.520056317653 439.291835789841 440.694552105861 443.062426838118 446.092788681096 448.99428761418 449.944631589313 449.374525022923 443.4846138834 435.134709551988 428.973223665955 423.732146529134 421.335324074612 422.174485384507 425.932488514096 430.90908887527 437.020153070473 443.182954510751 447.425997748934 448.74936304257 449.002853475954 449.975111010314
533.626156838298 527.782920733699 517.153321349946 504.735817451968 492.456076931298 482.676268185155 475.078628392918 470.497503010165 470.428071921009 475.67280861121 483.226494823892 491.713205914917 498.12196829219 501.178479932935 499.222775865765 492.457978508986 483.506823437179 474.756882639737 467.77499916065 460.741852591264 453.125935128723 445.862335640228 439.081330882555 434.630153327102 431.960373246262 432.841369486361 435.259295799105 438.587785694373 441.861703067648 444.515132243922 445.417914834166 444.213743803012 439.590682668455 433.047138685751 426.049757991708 418.996657379165 414.069069517752 412.73500145496 414.551309414901 418.410109912676 424.402345167782 431.426104458247 437.347005862169 440.732036138404 441.866946740714 441.996607627947
527.062292216904 520.331539463969 510.170364924305 497.781347926014 486.345504443813 475.684470300703 467.103108075911 462.606881842898 463.10722857454 468.465384959984 476.890357337734 484.769485374289 490.649994781804 494.274460198974 492.965496439058 487.519122954112 479.699433260582 472.717541310473 465.678832233817 457.92621477323 449.017241080335 440.8208649991 433.639492094261 427.662416421447 424.964415216357 425.264335414619 428.399560937272 432.474772148843 436.625794103968 438.842774029469 439.94536410423 438.836769546933 435.938075340854 431.007714035681 423.947360945194 416.106234356299 410.083836530243 406.186841105328 405.679844274629 407.641044134867 412.706320007578 419.569690528533 425.661955711452 431.474117400515 433.673745102839 433.952196080163
518.603021816258 511.480874811724 502.276448634765 491.246555433602 480.200522445972 468.541001761682 459.934798592696 455.086989546389 455.58002772799 460.613938075912 469.298666384643 477.872863441013 483.702122487566 487.022606869377 486.492669780963 482.740504511291 477.346544700315 470.647014237132 463.152093437986 453.887043527868 444.89285605471 435.712786536556 427.547722525158 420.668445031871 417.763039161538 418.344067987951 421.511040493756 425.88890603497 430.779494045129 433.958680180283 435.775170311349 435.161495334824 433.230698940655 429.198805343079 422.308512982696 414.363578633749 407.161919075907 401.904907260038 397.933748879994 397.991233270296 401.921934542171 407.862498823506 413.935084300378 419.731260231905 423.596284852729 424.987599020764
507.799940653715 501.650820751253 494.014606166755 484.860515244904 474.585405739454 462.897503117747 453.836759377991 448.100645511597 448.169453059645 452.291619895252 460.525239367622 469.922954394765 476.391867148773 479.573837939177 480.294861837312 477.904030024705 474.046177448159 467.87914257796 459.713489188571 449.816607002134 440.476959331432 430.589015046743 421.440258582252 413.628770503326 410.147348123307 411.156853519348 414.412897729637 419.449672610174 424.218730015974 428.33054298271 430.501991657936 431.407781746825 430.695311448282 427.838784629774 421.871174861239 413.94783554783 404.949512632518 397.73335160206 391.959399180955 390.072074052209 392.241150054986 397.139302336176 403.124289970751 408.109984488411 412.085699378749 414.983678285301
496.880303255891 491.783909339574 485.189641566465 477.531672482533 468.307346582 456.92006155439 446.952727016833 440.597919049093 439.410519718352 443.042302067541 451.186873039271 459.824837224344 467.508573415309 471.65571996756 473.166350552465 472.348234820767 469.40732573401 463.526147622542 455.386359217512 445.668349703742 435.405926388765 425.159200102459 415.064664320329 406.623985771773 402.865601054925 403.244587326403 406.46370903068 410.960906272772 414.907932414271 419.581617403753 422.490293124433 423.773272860359 424.674418802688 423.586194184686 419.004843707634 412.097167466116 402.413193063739 393.780705099343 386.953425349625 383.325876734104 384.298876595786 387.520015323838 393.369304396193 398.339212240584 402.221864162454 404.471316779399
487.869247104668 483.143447491068 476.596651484141 468.677570268645 459.568087086511 449.056928297852 438.913486835379 432.065336584722 429.46839171768 432.719538677712 440.155207298301 448.211795600093 455.730502944657 461.291898984506 464.785207115704 465.828402077908 463.847532787492 458.853037407985 451.040938455087 441.836833051456 430.797390936458 419.294390165682 408.261195316937 399.296827029783 394.900183682789 395.024506301614 397.637360818766 400.488439427954 403.441970184949 407.018199236761 409.836314287628 411.850095178242 412.908040139678 413.166233356464 411.165407160122 406.363243212563 398.154847206684 390.360541946554 382.860754831419 378.312496718511 377.522071657545 379.648848843839 384.598313238384 389.552433714344 393.507256942412 396.45281213227
479.529995834885 475.157867621216 467.60507263166 458.632976894339 449.284142527674 439.721225085485 430.108444630418 423.033087285397 419.771525288462 421.613404267208 427.322363648286 435.340023722944 442.783438810351 450.087284358149 456.359601297712 461.031250866293 460.502802865523 456.132295844036 448.887456424798 439.60823124422 428.050304132885 414.638607466793 402.290196228292 391.775507227098 386.841543135474 385.875775648674 386.598853256477 388.25951416369 390.142567307027 392.015985347189 393.752144484801 395.594388163709 396.876617745087 398.862440221368 398.2411311039 396.496613968616 391.806080233839 385.174634469448 378.728783815477 374.250957814631 372.624782454332 373.07045608798 376.895434965871 381.636504241141 385.490733293339 388.256896716387
471.31376207569 466.034964989014 457.500201299091 447.799380028811 438.377062921499 429.383630376637 420.314897464007 414.449619564674 411.003676980129 411.293933590752 415.805434994498 423.324527772797 431.83388690929 440.982865015596 450.456687185478 457.82254593929 460.021600572229 456.711701092973 449.609727358568 439.633864222883 426.763185814722 411.837141380096 397.59531034661 385.805490486093 379.189935751535 376.725985429259 375.699788290724 375.688614876371 376.537287286811 377.124542261036 377.16733788453 378.121962344811 379.477988159353 382.244136252611 383.683088558083 384.598569974234 382.665477427985 378.284885995111 373.737707241623 370.39148703068 369.6342794346 369.659799410993 370.724300385198 373.516030510758 376.38910720456 378.344867995947
466.03462287537 458.081683903878 448.088869579857 436.988284952277 427.393938770467 418.538383561939 410.522417736667 405.851060412825 403.025980143708 403.052260528085 407.095654097511 413.629537129792 423.253368840809 434.304539872785 444.933342802141 452.607084591054 457.297833082885 457.123878586612 451.223662893257 440.014611557132 425.61560852938 410.268742615699 394.566036748113 381.312618060098 373.106804059058 368.333112098547 366.32962253349 365.463692739537 364.922838551067 363.295882408586 362.372543526314 362.617533047409 363.861846851052 366.083445398924 368.924290425113 370.813936421358 371.077430182817 370.212530924276 367.894371444834 366.415345407998 366.322780451531 365.349140504663 364.415499971136 364.566772403004 366.55247770952 368.441915770825
464.274877863332 452.969921647389 441.048323522402 428.523211235071 417.503530491901 408.403477629921 400.986609652772 396.816474660391 395.234409877779 396.039675055261 399.54368911656 406.14616474598 416.07530693872 427.134331533659 437.792669194333 445.763923787502 451.022135498909 452.667935974546 449.278167445946 439.302008788349 424.395239765918 408.445162324419 392.920889091154 379.129144088082 368.641652309248 362.844801743998 359.769372815065 358.433351828126 355.717239129227 351.185640129711 349.331451815926 349.228363626528 350.31762061248 352.389043770224 354.356637427754 356.478008575309 358.607110761947 360.036507161045 361.082073465984 361.237503566839 361.166873498582 360.17487458465 358.295096063319 356.74070663029 357.720854996926 358.897284987033
